1.917175550026587461e-01
1.569546110865407129e-01
1.173256457991798257e-01
7.692227498268465469e-02
1.889668939190553842e-01
1.541905995158582010e-01
1.150204362329483726e-01
7.686780951672102236e-02
1.917085386097635846e-01
1.561717188463189465e-01
1.159505289543967671e-01
7.540995458859199585e-02
1.959013851486848534e-01
1.675607897675182034e-01
1.382455151020373918e-01
1.038894786890215832e-01
1.921014808584522449e-01
1.332225247983357674e-01
6.886101375036281225e-02
2.312323684049377367e-02
2.447101251559715418e-01
2.395048809159135705e-01
2.290177529205927598e-01
2.070737686248147469e-01
1.976472216005759341e-01
1.464959583351001238e-01
1.054119557129066104e-01
4.045300757145491727e-02
2.489560989952957770e-01
2.469057011692816772e-01
2.401739794502520675e-01
2.253436852741209362e-01
2.155971782277676940e-01
2.057776781558507684e-01
1.900326140439000666e-01
1.675745885966088145e-01
2.421418253219676242e-01
2.326991051040905312e-01
1.996794700675877943e-01
7.923271148096373839e-02
2.440953426946933791e-01
2.413893942980014362e-01
2.323863609036738997e-01
2.106338412202252153e-01
2.482063761159881699e-01
2.479495394852614665e-01
2.473454794713330351e-01
2.456102048264886817e-01
2.469009748594036269e-01
2.434747364538914216e-01
2.408447286161430057e-01
2.389140531289903058e-01
2.495287633746111344e-01
2.485570202752873381e-01
2.475767318507128556e-01
2.448920178493690925e-01
2.393768120387619325e-01
2.442574775983470670e-01
2.465752696896669205e-01
2.476032997906697231e-01
2.487081755253096882e-01
2.415507471401378281e-01
2.409795217931906264e-01
2.091051418022169262e-01
2.430903843729826652e-01
2.370875827869625141e-01
2.213959931035356377e-01
1.940664052738487744e-01
2.243949932817032866e-01
2.002622058900622448e-01
1.585878525727049682e-01
1.124288670519265204e-01
2.339700292967139272e-01
2.188928751109276705e-01
1.920636402257831499e-01
1.519062734557745931e-01
2.201627610674402880e-01
1.887728029276974639e-01
1.509984786271223456e-01
1.053887900448166465e-01
2.334368294992593407e-01
2.184173192195350832e-01
1.900958598285063805e-01
1.453842010552642838e-01
2.300776468234587702e-01
1.884051412442218354e-01
1.095847036239801370e-01
4.124643020758995970e-02
2.453919153404643394e-01
2.369226629264199468e-01
2.213230592921604234e-01
2.014026817353057053e-01
2.286707008275510045e-01
1.924249203971617472e-01
1.696117730621346242e-01
1.018563598780674040e-01
2.494861474020176051e-01
2.480623003407012861e-01
2.435490164420820725e-01
2.347298334858306246e-01
2.289142674063100458e-01
2.284677603031100013e-01
2.257512130062706290e-01
2.158348702372146766e-01
2.459112765678327372e-01
2.268606324403411312e-01
1.889294154389002944e-01
1.642794277064379693e-01
2.336501367856815004e-01
2.317954930954210235e-01
2.228724510335094722e-01
2.036109356381799740e-01
2.475275364064851435e-01
2.453847355181758561e-01
2.464749719123771055e-01
2.320674455479714571e-01
2.362873959894200571e-01
2.303976534265120002e-01
2.124759824331648728e-01
-1.278835185422638049e-02
2.496513851390056715e-01
2.487897891446229359e-01
2.482178403732559768e-01
2.471269378260122496e-01
2.362880844654678958e-01
2.394994494259531648e-01
2.444786041564472046e-01
2.473393046583333421e-01
2.479234643787092962e-01
2.357581464792957993e-01
2.358206517240873656e-01
1.832493150015786221e-01
2.414814724490677023e-01
2.315334437073095220e-01
2.162301055702071650e-01
1.664477473691099163e-01
1.959934614391425634e-01
1.643594866513867492e-01
1.294786096404267617e-01
9.180444912221570608e-02
1.974422019226479141e-01
1.691430479067735637e-01
1.381897109029342763e-01
1.043648464905164303e-01
1.945925872224201492e-01
1.620995684199409426e-01
1.279352416053241015e-01
9.213767234928203764e-02
2.262435959832594101e-01
2.141143488365024883e-01
1.949125513011971400e-01
1.647593997756878204e-01
1.975559123959168273e-01
1.467964262298714628e-01
8.754521975314577542e-02
3.981988133422196402e-02
2.386130817060113651e-01
2.236131638968960889e-01
1.970369732449969991e-01
1.700749588452802052e-01
1.911028648738257729e-01
1.484238763058729760e-01
1.253997086171000364e-01
9.790753707999381994e-02
2.478390636988332396e-01
2.421353697014513584e-01
2.243545541195664794e-01
2.061281459480368283e-01
2.413534711915108211e-01
2.326307392013677866e-01
2.036866935697842218e-01
1.679918733920609808e-01
2.410675250870417952e-01
2.114468446285269199e-01
1.248500436980551215e-01
3.736884776426879773e-02
2.159723589646255493e-01
1.837512746127629715e-01
1.425430073336315662e-01
9.640835787867525764e-02
2.466870191967539538e-01
2.321185256785466278e-01
2.170844808734997411e-01
1.990624259308699795e-01
2.252097454955001854e-01
1.837688931739965004e-01
1.706186792026348209e-01
1.412183084373891950e-01
2.494860473549295465e-01
2.486267040011684581e-01
2.479495985000897684e-01
2.460860108169164173e-01
2.291457642102493752e-01
2.399854395465640389e-01
2.437248313363661045e-01
2.470826685121219890e-01
2.482721834184218324e-01
2.385801140466594639e-01
2.381971796632255389e-01
1.906937869862318502e-01
2.441219339417200207e-01
2.365903320671602639e-01
2.263662131945171074e-01
1.905973004910295476e-01
1.981119266654967903e-01
1.671959173421779521e-01
1.301623515896103422e-01
8.991266270536395211e-02
1.999782224347956827e-01
1.686212295308758824e-01
1.308247215645075567e-01
8.841708228612958631e-02
1.971923008522996623e-01
1.671430960311857117e-01
1.285675717462725076e-01
9.128187998168818540e-02
2.152825196410945996e-01
1.973673497687018219e-01
1.707205140092041828e-01
1.342594306340518517e-01
1.994211378513445210e-01
1.453828541730516621e-01
7.980173494457935834e-02
2.897763026574817768e-02
2.066677275900278554e-01
1.463741858278453101e-01
7.013396734018127743e-02
3.286975441127679837e-02
1.457315461446501426e-01
8.252404505967088355e-02
5.427764373944491544e-02
5.740136410450554644e-02
2.474739642208304280e-01
2.418299771023459943e-01
2.155267859834213151e-01
1.573272696143473981e-01
2.167015218550415734e-01
2.064047238920367899e-01
1.727231656574279295e-01
1.641346440643475513e-01
2.357934300761830304e-01
5.779542123753547006e-02
-4.721481965305834860e-02
-3.511943514494483137e-02
9.579385981114557636e-02
8.387700500046113561e-02
1.449225053833096133e-01
1.922294185703995323e-02
2.327413754702147841e-01
2.101536366537320177e-01
4.157821631087921244e-02
1.189358208477967610e-02
2.345151777064518328e-01
1.421552371081231947e-01
9.138186875681454657e-02
-8.860544182020853310e-02
2.495331684562568098e-01
2.484389117740690989e-01
2.473742851236242490e-01
2.372078223825384580e-01
2.057843526918232691e-01
2.250463652032256012e-01
2.397646086569483470e-01
2.436874240610427123e-01
2.480253863733972164e-01
2.375466478976853146e-01
2.370708725059600119e-01
1.965829631951737655e-01
2.420152982211735138e-01
2.347929578720104882e-01
2.199751333071134907e-01
1.838182103281683633e-01
1.839766429338591802e-01
1.508325698839691198e-01
1.150121188372437570e-01
8.067870482338031224e-02
1.806605864069679435e-01
1.465799795163415242e-01
1.111850804202854648e-01
7.770166585636577306e-02
1.838430139631874460e-01
1.509321856814754559e-01
1.145991244300952894e-01
8.013101366584142460e-02
1.939054492352332293e-01
1.674248345963210982e-01
1.382223545750078664e-01
1.078203317849942139e-01
1.841994143942833340e-01
1.286894637055429336e-01
7.265022877542884339e-02
3.256616866615257011e-02
2.445259444834486928e-01
2.385915219491056838e-01
2.273220153894573714e-01
2.055975633561816507e-01
1.825551392769030057e-01
1.538960267684722216e-01
1.274735899127543426e-01
1.099374342539764654e-01
2.473150787853560517e-01
2.431925055287933179e-01
2.325060831317355137e-01
2.141584594436732880e-01
2.110774600694091674e-01
1.974702885645979178e-01
1.802349569232797044e-01
1.486869809033970757e-01
2.266811068309416421e-01
2.085000615355819542e-01
1.475855083395110345e-01
6.726374905183689357e-02
2.338112799369869432e-01
2.243203863959562783e-01
1.957214256792054741e-01
1.675180909251041406e-01
2.453522115908849111e-01
2.451621197753560411e-01
2.173755809861126209e-01
2.341647769912773569e-01
2.035197149332080846e-01
2.373982799348412220e-01
2.314919822370038460e-01
1.793246199016257092e-01
2.479312094357308816e-01
2.443601147087124392e-01
2.393874109295746344e-01
2.331004984682339964e-01
2.337811482737573165e-01
2.411242469003187783e-01
2.453688082997335929e-01
2.470969840876250379e-01
2.468194749952834222e-01
2.272806917159114481e-01
2.306298298921726220e-01
1.685987080577740216e-01
2.400909405789859452e-01
2.377931308546940015e-01
2.145903183774037493e-01
1.999635966383692398e-01
2.027084726798584757e-01
1.719058872247755942e-01
1.344649338901399427e-01
9.567268415820462391e-02
2.005953456060292905e-01
1.690988947161971290e-01
1.323193620791069114e-01
9.452438663671654251e-02
2.018413400739202945e-01
1.717144701603251222e-01
1.347545025745677250e-01
9.476880172448742812e-02
2.101596873862109638e-01
1.873808178638561028e-01
1.581951818607804927e-01
1.311269045999781113e-01
2.027716682753023802e-01
1.494802167920479541e-01
8.674099307916216528e-02
3.864919688331334979e-02
2.478475723349288506e-01
2.454220863863218749e-01
2.405634931282246702e-01
2.306737793839182815e-01
2.031152414917897497e-01
1.684343135242875877e-01
1.313181549744639742e-01
7.754564018042731099e-02
2.492944573264947727e-01
2.482191684245519392e-01
2.441699399417883443e-01
2.326175792285702926e-01
2.246059026067520614e-01
2.123255085410834242e-01
1.994554725139950080e-01
1.797109818215021360e-01
2.427828401082054166e-01
2.366700012479665549e-01
2.041505528111387247e-01
1.263299601986973830e-01
2.442038045281401670e-01
2.413131968108417069e-01
2.304456644154052880e-01
2.153738773554048913e-01
2.482526516662033611e-01
2.481439371372639313e-01
2.473167502735025280e-01
2.477633786798258964e-01
2.472759229882512955e-01
2.462288562509405143e-01
2.407227516505112963e-01
2.329942204264414951e-01
2.494798975422999054e-01
2.481154979591817800e-01
2.468799735730796696e-01
2.444216785548463944e-01
2.381832816301713285e-01
2.453793127439228838e-01
2.471091318672794246e-01
2.479490331757578936e-01
2.482415753997056773e-01
2.438122668850367381e-01
2.343517394975553059e-01
2.195112581659739714e-01
2.409388962867652084e-01
2.349003173099634134e-01
2.107233093735859930e-01
1.848845442918861381e-01
1.838691471436129099e-01
1.474829065449646814e-01
1.067574392828474911e-01
6.729087477160632103e-02
1.853461934588203075e-01
1.523851121557975585e-01
1.156650904895050597e-01
7.887577813519090764e-02
1.823359176707541052e-01
1.430921388027718566e-01
1.013353885663984960e-01
6.279090600030111380e-02
2.023128946964038721e-01
1.794704402807686117e-01
1.492185034685712952e-01
1.167942973869425943e-01
1.862854186347907837e-01
1.268998862734919963e-01
6.308396870624746744e-02
1.957328540037305692e-02
2.447550423205129000e-01
2.394665611134861594e-01
2.280913239214372445e-01
2.039926604181809822e-01
1.861774605325229315e-01
1.526166641997120654e-01
1.196712371515403356e-01
1.037221174887795333e-01
2.492004567304703100e-01
2.481523776024587846e-01
2.452883179225963384e-01
2.346334359133260550e-01
2.370475786415938702e-01
2.278006405368434295e-01
2.117167400097265118e-01
1.759091970355784185e-01
2.383633303864886310e-01
2.261962720908636537e-01
1.845834316244290285e-01
1.338190476370116067e-01
2.341489831445683345e-01
2.236252232615358049e-01
2.132326495860354942e-01
1.706961647798803938e-01
2.477460999027488731e-01
2.466220723123640768e-01
2.154518390829484875e-01
2.460247441225885678e-01
2.386692496240523376e-01
2.146563665340959493e-01
2.282439937866224955e-01
2.158191561369448286e-01
2.490564654773821385e-01
2.471311865934563423e-01
2.446198601490845448e-01
2.424562411015185048e-01
2.396714155912772759e-01
2.430257241590063344e-01
2.468593783346217652e-01
2.487913931602761253e-01
2.485315261764866612e-01
2.405994157943462664e-01
2.393907453483977710e-01
2.014886065606773524e-01
2.435462730119160035e-01
2.384482100668810778e-01
2.230646328433263659e-01
1.993140455892365992e-01
1.738706005418448608e-01
1.370096036298374398e-01
9.761187985833513769e-02
6.272296083431679048e-02
1.711272916677070155e-01
1.338613770391167967e-01
9.608468719141539938e-02
6.234401175202352458e-02
1.744250966283749094e-01
1.369975343909215215e-01
9.750981840367349551e-02
6.152053979109739501e-02
1.905768787661035468e-01
1.646568766304961906e-01
1.345381111088695125e-01
1.030963041328512575e-01
1.748284445747652349e-01
1.136835287124484256e-01
5.717189027994889344e-02
1.679314532491164164e-02
2.478031643997582467e-01
2.453794212366669780e-01
2.401724795697118553e-01
2.265832977465341014e-01
1.790392402313278897e-01
1.525960365635937732e-01
1.282486594732016039e-01
1.084407463973708352e-01
2.470500313637935819e-01
2.418862643296849912e-01
2.300532119682491272e-01
2.028395150004925485e-01
2.121114596572473421e-01
1.973257285924304716e-01
1.771100573115401422e-01
1.467558622972792437e-01
2.283216875494396281e-01
2.124113914656532431e-01
1.730786271930973286e-01
1.200214033984000200e-01
2.338356081503173700e-01
2.266374827530923952e-01
2.169982181346843120e-01
1.826706643466081414e-01
2.443739287425483464e-01
2.439565843461229122e-01
1.915999199828534449e-01
2.403727412349843939e-01
2.428064804804742904e-01
2.440631975718582092e-01
2.218649633119660347e-01
1.788143667374908485e-01
2.480795571796114984e-01
2.445459840455032896e-01
2.404713896172554211e-01
2.361854254970240652e-01
2.352497835787274172e-01
2.435052398672126195e-01
2.461091862648569772e-01
2.473054631641445622e-01
2.470655590625028541e-01
2.412675857519414879e-01
2.306726015655543305e-01
2.096822934116727433e-01
2.364773266937380269e-01
2.396106538594157120e-01
2.086530113470475845e-01
2.080952388494768102e-01
1.721612673449298414e-01
1.311002483371872807e-01
7.821553415245509344e-02
2.163521481134121974e-02
1.708945086454125850e-01
1.350480156674811194e-01
9.808505801913978972e-02
6.320692439131180007e-02
1.699469923250998826e-01
1.268179275420586449e-01
6.373937752298948489e-02
5.342221487042859464e-03
2.002457227521290684e-01
1.739300406047098735e-01
1.303870111626063699e-01
6.479442366280663279e-02
1.741197542681531540e-01
1.103143070952603000e-01
2.821794040730515873e-02
-9.594547457249113717e-03
2.423893707734136038e-01
2.331735532841139047e-01
2.151603485040606278e-01
1.755723087280604000e-01
1.602278944022422769e-01
1.353026052317981565e-01
1.062795507666517841e-01
8.537757691184642839e-02
2.483941530428827316e-01
2.467175393487207324e-01
2.437183596317449574e-01
2.261169305034875787e-01
2.294590938031581817e-01
2.185425287901375524e-01
1.999693634731980751e-01
1.616757237380123946e-01
2.345199936136139751e-01
2.187717295378203142e-01
1.562199307251235514e-01
1.072063016489521181e-01
2.337671967266579942e-01
2.189393403065920118e-01
1.873878889761837474e-01
1.547655228410611539e-01
2.466790251266536560e-01
2.357605714526902208e-01
2.182179785119179594e-01
2.098375404103361153e-01
2.384877082181535712e-01
1.698765863729976011e-01
1.141225575797771424e-01
2.029929785855556779e-01
2.488741652052622044e-01
2.468335236735031135e-01
2.449508188583886525e-01
2.392428857189997371e-01
2.321387442932625333e-01
2.413923453198351110e-01
2.443789905378906946e-01
2.468773807455755254e-01
2.489313344906028957e-01
2.438228634930364735e-01
2.422780659193694008e-01
2.197606613538702902e-01
2.433254980751982099e-01
2.398074647844299634e-01
2.183400278563604191e-01
2.083339059183521302e-01
1.679732937167681406e-01
1.262728673046673022e-01
8.357207498381329092e-02
4.737972585004771725e-02
1.664406943188896093e-01
1.263858739806034970e-01
8.834982533542956595e-02
5.510998448454723642e-02
1.662502711805211308e-01
1.240762671279283386e-01
7.997459061649911383e-02
4.410494335648389858e-02
2.016837093413678950e-01
1.800787951429345390e-01
1.519432461010343516e-01
1.174854311387766859e-01
1.695697739930625003e-01
1.035400589610734473e-01
4.404467522694782006e-02
1.213025416347143955e-02
2.468618671288584088e-01
2.421137743244047014e-01
2.320264567787422016e-01
2.120932900273142796e-01
1.667293045759070391e-01
1.281812152747102418e-01
1.030313308231361052e-01
9.538099609071724883e-02
2.484588264785452527e-01
2.463654354277921010e-01
2.413691589355376754e-01
2.335143618576949465e-01
2.275513044430460818e-01
2.161779741871769633e-01
1.958445079048134474e-01
1.636459188548118338e-01
2.351238929669588751e-01
2.166010529041863808e-01
1.564697601837512775e-01
9.121461895241773921e-02
2.284688246118921351e-01
2.161625319952950319e-01
1.916907837955224014e-01
1.526591768264643489e-01
2.334965316316570672e-01
2.346928460094395985e-01
2.337934126723251183e-01
2.192670699188644934e-01
2.426449320026006218e-01
2.241060663180934609e-01
-2.076512824246935437e-02
1.901961275015841835e-01
2.483761651010242266e-01
2.459653897170938353e-01
2.431985831449493263e-01
2.419390183600677036e-01
2.350353809762819324e-01
2.417249025609484736e-01
2.451163558082962712e-01
2.475417402815229539e-01
2.482738408739961766e-01
2.418052709625013730e-01
2.397076340968910813e-01
2.182988824042641773e-01
2.402033628809197852e-01
2.395938982711207366e-01
2.171730391167674135e-01
2.094611078456733166e-01
1.769887928864896098e-01
1.382926426357682093e-01
9.719537478098143335e-02
5.820690516848484736e-02
1.759570899337870309e-01
1.394060673651239257e-01
1.012149325988521142e-01
6.516766102926742354e-02
1.762217490235977735e-01
1.365009382298826568e-01
9.292424062595699974e-02
5.470606732186725218e-02
2.028902432748636853e-01
1.787834401273798723e-01
1.490494163573272135e-01
1.147616138413100756e-01
1.785158336120650224e-01
1.164729003213068742e-01
5.304847104169108096e-02
1.495875878238586178e-02
2.443086734137472904e-01
2.380660552027139831e-01
2.255872943300970823e-01
2.001138559226052493e-01
1.632319598924438786e-01
1.192833876712269398e-01
7.750350905667557910e-02
5.947265342362359486e-02
2.489985865130210640e-01
2.471542449169456257e-01
2.405439155315303446e-01
2.278338508028051324e-01
2.208274946515699499e-01
2.081994259372783318e-01
1.905799235589588358e-01
1.553000012367246885e-01
2.380906242230462766e-01
2.259282682955463806e-01
1.558199310847967756e-01
8.409113803592400960e-02
2.408000980673312974e-01
2.339941717309284852e-01
2.147919640827599119e-01
1.829971566734359678e-01
2.445326285073263772e-01
2.471151997784155341e-01
2.455309485417535853e-01
2.363501367997905833e-01
2.372730188507761462e-01
2.334853788268635155e-01
1.973149428090790192e-01
1.967627061722486415e-01
2.491912610100429359e-01
2.475978536013627440e-01
2.448239783087638732e-01
2.419798938722304837e-01
2.352063519401589586e-01
2.431044641799265660e-01
2.466939150537870162e-01
2.474872117231635416e-01
2.452466855084207975e-01
2.057561710228411611e-01
2.267599799507830360e-01
1.491497658365322776e-01
2.310930903133383563e-01
2.344565263283337198e-01
1.889115701381902379e-01
1.952634341202842405e-01
2.012499864631127344e-01
1.649771478978734329e-01
1.190470190789108401e-01
7.612677778418185104e-02
2.030167494944145334e-01
1.707686305235118773e-01
1.307081395745403885e-01
8.790099859989113085e-02
1.991677776614458051e-01
1.605056315437476677e-01
1.131829350593493849e-01
7.095586097720192609e-02
2.177556951815328157e-01
1.990056626895324865e-01
1.726197228966942776e-01
1.380293272557621964e-01
2.032916636844554203e-01
1.422305931387492506e-01
6.847815589069100595e-02
2.252213565069984338e-02
2.461277497900653533e-01
2.394855164819290894e-01
2.273541077182977821e-01
2.070128160580784471e-01
2.019654632423613094e-01
1.804107116754797291e-01
1.114334113818923888e-01
6.693067600475437195e-02
2.484922553099867815e-01
2.435092175054788532e-01
2.276048191992991743e-01
2.077192435031433859e-01
2.284138290399256588e-01
2.185458888059352844e-01
1.896106414474719448e-01
1.525355370661553855e-01
2.436738661806386042e-01
2.301844764967806156e-01
1.716484444389513586e-01
8.661170798345713129e-02
2.324529793736178629e-01
1.464864922544461823e-01
1.551979784190309075e-01
1.295344383320511661e-01
2.296020605523705349e-01
2.450950844880369628e-01
2.274516176100741527e-01
2.249036235507056725e-01
2.331845967063913283e-01
2.406392306582475771e-01
2.323327036600673912e-01
2.116158259053514401e-01
2.494318160936316031e-01
2.483415284860825134e-01
2.473032395882472645e-01
2.453182442038396582e-01
2.320475861587179833e-01
2.414089385001400301e-01
2.453911549586698104e-01
2.472043656869848116e-01
2.477592999790740602e-01
2.462797904744225275e-01
2.340093954355634553e-01
2.318721606612207387e-01
2.392013603107775166e-01
2.340760892440908736e-01
2.087261875332515892e-01
1.817938301626573494e-01
1.980504963495335058e-01
1.661973065172794584e-01
1.291250427784766119e-01
9.155659955404976680e-02
1.955359813072742314e-01
1.629604023188168382e-01
1.254960791199771775e-01
8.839440544414840784e-02
1.980806255875506017e-01
1.664834012255716755e-01
1.292160449127860988e-01
9.141606094985116338e-02
2.084213877030446360e-01
1.860851540223755485e-01
1.593447848498610042e-01
1.261707148382231192e-01
1.982446987407315842e-01
1.437642357657200887e-01
8.202702601115197112e-02
3.661622660082394787e-02
2.449850859508627410e-01
2.401154366124918227e-01
2.303796895691534452e-01
2.112949346354076052e-01
2.035783811451412628e-01
1.672873454630209034e-01
1.151657551333029467e-01
7.296010161201686717e-02
2.479971733886584262e-01
2.456195637135409615e-01
2.389185787015130347e-01
2.232887779856159438e-01
2.102487096373847064e-01
1.960961042026736489e-01
1.802634096137970821e-01
1.585197568087284015e-01
2.378537688047385468e-01
2.300992332387572503e-01
1.933986942882305327e-01
1.023730302620617511e-01
2.425830863895251099e-01
2.393087865400116698e-01
2.313061872422454979e-01
2.087544962071614940e-01
2.463077344370470934e-01
2.456211153201515174e-01
2.461277258962911996e-01
2.457056555752842320e-01
2.469232414636240713e-01
2.444135029927452518e-01
2.428315257992303966e-01
2.432334767829880118e-01
2.485854687549746977e-01
2.467673359684681988e-01
2.454044308199276603e-01
2.419517017179358687e-01
2.348159348978691996e-01
2.414843833068779089e-01
2.451492961217862365e-01
2.476109853205500644e-01
2.473770082919895252e-01
2.394567383433216790e-01
2.343043860388774602e-01
1.937474695771685684e-01
2.388605015502823781e-01
2.362271845300911999e-01
2.131129833647374128e-01
1.900687447226297733e-01
1.984821138602658186e-01
1.681902617960392421e-01
1.329983915216312318e-01
9.667494092660133820e-02
1.960471711436423681e-01
1.656803604325898793e-01
1.313770880049857370e-01
9.640489005340309447e-02
1.984182541232507313e-01
1.682023202616808044e-01
1.321811568544613846e-01
9.634444793621384229e-02
2.111308869032260949e-01
1.892425567915789753e-01
1.614929938016756994e-01
1.297287310997501664e-01
1.985065077083798257e-01
1.470560019142286845e-01
8.854600681470332912e-02
4.102555607973747132e-02
2.476513568265209242e-01
2.449252346959972793e-01
2.393369406472835303e-01
2.271711113803805970e-01
2.000609562897914528e-01
1.663794604432658752e-01
1.282228028409680698e-01
9.214807160187647728e-02
2.485526605565366032e-01
2.464816388218395715e-01
2.412613928516285089e-01
2.282449166234134241e-01
2.255966295384893849e-01
2.162432351371809947e-01
2.041059532863436221e-01
1.764424166739265443e-01
2.362361982973338048e-01
2.236202788000687114e-01
1.749659304099958623e-01
8.073929713942014363e-02
2.408986992281594575e-01
2.304664442455717221e-01
2.116599905566811379e-01
1.850876220641411996e-01
2.318207416749807903e-01
2.074110363913647115e-01
2.450190580667953311e-01
2.352565441645765032e-01
2.439538824461650046e-01
2.388877212742790690e-01
2.100833169103525355e-01
2.129349288946212615e-01
2.479992292719216118e-01
2.445600389293776100e-01
2.396577810676062958e-01
2.357953247872387470e-01
2.308218111348322166e-01
2.389516126563414333e-01
2.451055638208667065e-01
2.480829628696404054e-01
2.483464137989895848e-01
2.383438889814695483e-01
2.389243257369191020e-01
1.962739913486432342e-01
2.414128499411473949e-01
2.356209593921162471e-01
2.130268934517348667e-01
1.889099256181541175e-01
1.828487948036807975e-01
1.459702818004952052e-01
1.045435404284385666e-01
6.818355204212959986e-02
1.828049752100795733e-01
1.471914164437415351e-01
1.083809022574776931e-01
7.111091630169272260e-02
1.805116582798588221e-01
1.415589989402516735e-01
1.006782903807501434e-01
6.765903883692316045e-02
2.161013700850911989e-01
2.007990251751840816e-01
1.797691687063069921e-01
1.525263291398646914e-01
1.855535737836481458e-01
1.250568433587324335e-01
6.465782235397703193e-02
2.614706457349654303e-02
2.160632888457614253e-01
1.526381637532706059e-01
8.437070866591278584e-02
5.991895017102554649e-02
1.630139481128386192e-01
1.252559954041351509e-01
9.639242472985469490e-02
5.860341498305637886e-02
2.468857704842548351e-01
2.372179370503118279e-01
2.029335924559869386e-01
1.538792829370067006e-01
2.246333126764195331e-01
2.179033790166338136e-01
2.017478459926963785e-01
1.622347922485149196e-01
2.372501207322041117e-01
1.640408103154439579e-01
-1.157317694290435801e-02
-2.664836453445834294e-02
1.889148398545152652e-01
1.351312624721345002e-01
9.672496147881708140e-02
6.110391513708405414e-02
2.419108886363521560e-01
2.411390515778608634e-01
1.888605594551276690e-01
9.814375381505831275e-02
2.313167838820083810e-01
8.862415458206002183e-02
1.236325384535393174e-01
8.156205922699640010e-02
2.482220086401295822e-01
2.462323133314615331e-01
2.440727381052399947e-01
2.407873295787732737e-01
1.853123220536722071e-01
2.210392644900082415e-01
2.357136274765325445e-01
2.451735138611222664e-01
2.406094277721078922e-01
2.097194545634352425e-01
2.136485994225309770e-01
1.342107555518329276e-01
2.231888208152472963e-01
2.318365642950925565e-01
1.895200536902428290e-01
1.877578448030440272e-01
1.731121808567173959e-01
1.338500912783602559e-01
9.377011637613429096e-02
5.723956886787587989e-02
1.708568157230536677e-01
1.326273156309528412e-01
9.453930956608251612e-02
6.021458710008851384e-02
1.724430673154897231e-01
1.320856213752873709e-01
9.185332153111624987e-02
5.683715761007581552e-02
2.011380562524766880e-01
1.791659215581768161e-01
1.531512783077760287e-01
1.245603451496874875e-01
1.740817340935509050e-01
1.105981877684690112e-01
5.162560072619704066e-02
1.735157887634659196e-02
2.473836686351920944e-01
2.440453909734695559e-01
2.366630998481015491e-01
2.226702008283396594e-01
1.731285058286516632e-01
1.453778755928597510e-01
1.180072907686111061e-01
9.915240134595383614e-02
2.493717255629770424e-01
2.487276044453731183e-01
2.460712719080536681e-01
2.369564715877893468e-01
2.266142843535312312e-01
2.183511682569540258e-01
2.076427972140116873e-01
1.809048984901656942e-01
2.428312793571729411e-01
2.293235990169983640e-01
1.682965653876691003e-01
1.041664769749346547e-01
2.377102233043205948e-01
2.277795910657045564e-01
2.124921766818557156e-01
9.859201710104913141e-02
2.477527975310889474e-01
2.470222687509111836e-01
2.474043451968633844e-01
2.200630821132593395e-01
2.418119475369981120e-01
2.262502850694173839e-01
2.304283190442731888e-01
2.403200218416511602e-01
2.495854508262400351e-01
2.489426212719791642e-01
2.477584527480204135e-01
2.465001666246886547e-01
2.446534663909904761e-01
2.468746574801370386e-01
2.482238037281029597e-01
2.488229225583763748e-01
2.489096621746224869e-01
2.441741809612478498e-01
2.415408146510870935e-01
2.201987983828899154e-01
2.451504245200543108e-01
2.406394190299843416e-01
2.291766243971171679e-01
2.097866423731622465e-01
1.615609248914146867e-01
1.228690863750883794e-01
8.650201967351743571e-02
5.608734016525993016e-02
1.581856922361326856e-01
1.201814989427458791e-01
8.447275614947807876e-02
5.507964224475041942e-02
1.603855179054435032e-01
1.217207630593955675e-01
8.601179751752434377e-02
5.598264236479446460e-02
1.998207688249856728e-01
1.773871445563482141e-01
1.510395824344021587e-01
1.220760744209016396e-01
1.619378967829850635e-01
1.005880094085225135e-01
4.984352164042396560e-02
2.169859054562866749e-02
2.404766066922284506e-01
2.274281872186114384e-01
2.071002711707297383e-01
1.884695089923122679e-01
1.397140309418844761e-01
1.081795148909186627e-01
9.397090120110707101e-02
9.434119491683817804e-02
2.486353829439172936e-01
2.466657114221829372e-01
2.384598579697477516e-01
2.209171391836637077e-01
2.228229044910550183e-01
2.073917528472047633e-01
1.801411741635775277e-01
1.310709500485546797e-01
2.369117528049801413e-01
2.076888774165494278e-01
8.295791296635370016e-02
3.007785870043421309e-02
2.189704483026749526e-01
1.801261358137789259e-01
1.599214385492834234e-01
1.042950161871053494e-01
2.446618682967125480e-01
2.425715551371561141e-01
2.320526549132468919e-01
1.978646372418000621e-01
2.307311399804397867e-01
2.330341607725562592e-01
2.260098656008513174e-01
-1.576360769386029870e-01
2.489118676564807953e-01
2.476508290218008279e-01
2.464700941474180507e-01
2.426747218778966542e-01
2.255280823042211946e-01
2.350619212871192520e-01
2.426442788402450867e-01
2.460223602419871203e-01
2.420748528686994250e-01
1.851770463746558459e-01
2.188207158573552968e-01
1.482992610178742177e-01
2.139070873896243008e-01
2.318592037449303256e-01
1.784458105081104806e-01
2.019306899667642208e-01
1.890053726565080472e-01
1.571222532145064299e-01
1.216085196446700517e-01
8.554833385582839844e-02
1.862960873102431636e-01
1.540810068206018013e-01
1.185882630887237776e-01
8.366889527449648811e-02
1.889809476590020021e-01
1.571084960673617970e-01
1.212101559313519400e-01
8.594603507729187131e-02
2.103763783905972795e-01
1.897277976870792859e-01
1.632008743752165481e-01
1.317860106466874071e-01
1.890201115119619635e-01
1.353933301496885455e-01
7.734196117786169833e-02
3.419250379174872817e-02
2.446581203340331967e-01
2.364698421334894274e-01
2.127856739135013109e-01
1.817424866730425748e-01
1.934888100185073734e-01
1.631725762709964889e-01
1.299736747541766213e-01
8.941330698836531810e-02
2.461849347329360393e-01
2.416591830979955835e-01
2.273358307403329226e-01
1.812479395568313834e-01
2.229979955407021264e-01
2.051192610681396855e-01
1.583768834218325650e-01
6.895169219674314454e-02
2.331091443066618807e-01
2.142872126842044755e-01
6.813582343465980629e-02
-4.117811969302048736e-02
2.348129348480444134e-01
2.179213378922442435e-01
1.299123042833155439e-01
-1.920438053084217930e-02
2.451879860508652531e-01
2.257633600120476647e-01
2.452647224561352590e-01
2.369804722884989445e-01
2.335189184176941490e-01
2.155023536994556954e-01
2.081143098652223911e-01
1.784602832489688984e-01
2.487863477884288133e-01
2.459699162597626110e-01
2.420876473148859953e-01
2.349500183154396016e-01
2.213806045604287676e-01
2.358372917168864158e-01
2.430186234853474181e-01
2.466716487498989696e-01
2.466196822431085123e-01
2.232116201136367939e-01
2.297193457563861119e-01
1.500994418405646180e-01
2.413387636997805785e-01
2.379635433371875275e-01
2.164475235654302887e-01
1.991768356196860212e-01
1.841918625295742018e-01
1.512462420196820645e-01
1.146594893954958616e-01
7.595973956849565167e-02
1.824318656610412759e-01
1.489676542710705875e-01
1.135751763081537385e-01
7.973320769203670610e-02
1.843574411534852076e-01
1.508433915786134838e-01
1.135738834692063132e-01
7.165918772601527487e-02
2.030103430241302076e-01
1.826829826389229916e-01
1.626207463727865343e-01
1.217745900100493661e-01
1.849453311920560006e-01
1.297605352041656113e-01
7.146208457919565882e-02
1.617136334550462948e-02
2.447975305463511442e-01
2.392677007777385956e-01
2.282270063843734320e-01
2.051152665163569477e-01
1.785391519595494192e-01
1.484043125312241584e-01
9.998354752063849660e-02
7.719033962247598413e-02
2.468637462191990151e-01
2.411051819896884718e-01
2.298963921911492958e-01
2.112171959566189472e-01
2.295581344824022263e-01
2.205393014196490864e-01
2.039835888058337543e-01
1.706454369249020553e-01
2.405292125407914039e-01
2.276462987339276933e-01
1.794937749363764157e-01
1.179715185561461821e-01
2.409517327637458461e-01
2.381378456899364282e-01
2.298303354407578991e-01
2.087080954224607154e-01
2.474600219313198846e-01
2.286893680964834086e-01
2.365116027775975294e-01
2.377805011604042507e-01
2.446285208540934786e-01
2.309939283920531550e-01
2.228086549859437382e-01
1.830486458695601837e-01
2.494224559830006960e-01
2.485811247276329128e-01
2.471455975696189578e-01
2.453815435617687502e-01
2.327958701323148138e-01
2.411499648170426779e-01
2.440202059481897112e-01
2.464013359811381976e-01
2.483207825500757526e-01
2.432776654940066452e-01
2.360651176238844628e-01
2.168635221162079907e-01
2.394198784223069698e-01
2.391673935789960515e-01
2.118447943685574097e-01
2.026890855588038554e-01
1.893682515941021716e-01
1.569190586134511511e-01
1.206876893212642937e-01
8.589044557440329852e-02
1.878954094127554819e-01
1.558508734582582378e-01
1.210500833056999542e-01
8.623579165782795097e-02
1.880083853874449928e-01
1.557458135136909894e-01
1.197319762240963148e-01
8.465485862526178629e-02
2.123632560721208373e-01
1.981877307717092862e-01
1.808227864661181850e-01
1.596064546831463815e-01
1.901996525561991946e-01
1.366724741151534028e-01
8.029247410967114973e-02
3.768131623249264955e-02
2.350431788771241148e-01
2.014169832223901835e-01
1.493589469899777034e-01
1.065521081135750586e-01
1.806598796215108382e-01
1.758830399186396554e-01
1.534376395746863131e-01
8.819773750623323416e-02
2.480812458431521372e-01
2.452890623407149306e-01
2.377050251626971200e-01
2.221812711797691298e-01
2.324841172145881707e-01
2.223185074305250863e-01
2.080270509147625069e-01
1.792342156183945601e-01
2.390454110662285359e-01
2.269105777162691850e-01
1.723188682990170750e-01
9.965106899548648034e-02
2.354431300699457996e-01
2.199856684242071647e-01
2.066770805462278815e-01
1.643005286218422734e-01
2.219223721490152235e-01
2.430853097110084737e-01
2.344840182005634988e-01
2.246025762336894271e-01
2.385210350113030620e-01
2.334479303175376053e-01
1.989056963410434642e-01
-7.125396225327268983e-03
2.488117487953222240e-01
2.465001190323905800e-01
2.448112259387791312e-01
2.412970095462619868e-01
2.287333525499590514e-01
2.405003722249138554e-01
2.443713147820892051e-01
2.469457336108963341e-01
2.308558949238497249e-01
2.366061458629354630e-01
1.772308921119963021e-01
2.097698092094627820e-01
2.076378182055699517e-01
2.334020545259391788e-01
1.536070205269300937e-01
1.957332796016683918e-01
1.852977597435538915e-01
1.497029805507936184e-01
1.101675245703390565e-01
7.135537698742024093e-02
1.823693634212330827e-01
1.466685493511752092e-01
1.070932745111046053e-01
7.015533314599248227e-02
1.843220148014632354e-01
1.500918910972946774e-01
1.091366145175410168e-01
7.006991673212030480e-02
2.038297414364565185e-01
1.841294336262095932e-01
1.611186048138872062e-01
1.379673277006291665e-01
1.854911278629980120e-01
1.257326277222307331e-01
6.309718708098115136e-02
2.163360373693168012e-02
2.446544162844654091e-01
2.393494731571729206e-01
2.287023773005520122e-01
2.083566472347555543e-01
1.840856058737535828e-01
1.402920026027010547e-01
1.059233324349852512e-01
8.426799382657097770e-02
2.489045515499913319e-01
2.475073787937071002e-01
2.440630811220411422e-01
2.376284267274146600e-01
2.207430839224566455e-01
2.099992734903809444e-01
1.970497052382705616e-01
1.673394164084640312e-01
2.378867937296097468e-01
2.273776516007654791e-01
1.887432339316651442e-01
1.061829745043189471e-01
2.401384252101658179e-01
2.341539020205492261e-01
2.186462923736793851e-01
1.969393972763609779e-01
2.228020515022605952e-01
2.472101627770312560e-01
2.463187092806398970e-01
2.432679124893553924e-01
2.458307374531547573e-01
2.372372430672574917e-01
2.186497228301853557e-01
2.275195711423751987e-01
2.492962170205457184e-01
2.478930085250031501e-01
2.451107289192041294e-01
2.411994977371060001e-01
2.386262515997014111e-01
2.440356375744403838e-01
2.471138268704444474e-01
2.478202009597353095e-01
2.484159094893160502e-01
2.427376333044035939e-01
2.384414373910068441e-01
2.147309266650205550e-01
2.418744492562538706e-01
2.384198086191565702e-01
2.170334490324613563e-01
2.001687156822092029e-01
1.803453982887408269e-01
1.316351233516672992e-01
7.869083063501258746e-02
3.640273955387182681e-02
1.906057474614615277e-01
1.563495705605333075e-01
1.128664887275197676e-01
6.744649057753387966e-02
1.716293934091089879e-01
1.185847461475901393e-01
7.116435806019920374e-02
2.798637022655070181e-02
2.027005913950965243e-01
1.660034587131693218e-01
1.147275828768732769e-01
6.457448658740469472e-02
1.875586737080680855e-01
1.131918975383152809e-01
3.401264865376300156e-02
4.185982304195571928e-03
2.456873240770035272e-01
2.376586244910052770e-01
2.259928750772836337e-01
2.040604787340890292e-01
1.503610670476413225e-01
9.739008880225334674e-02
5.900353700516273309e-02
2.789454296349527795e-02
2.475071187713635268e-01
2.420622899970664710e-01
2.284456920159767257e-01
2.062549842222177743e-01
2.180322458722414314e-01
2.043999767352533414e-01
1.837212548923061739e-01
1.664560228971956046e-01
2.324279213359171647e-01
2.108016434273414230e-01
9.595080237243554244e-02
5.065006578884254790e-02
2.295315647630422340e-01
2.139314783141753606e-01
1.640339962052125566e-01
9.672764669338190791e-02
2.450872152270464899e-01
2.407760719715035247e-01
2.225193152702397148e-01
2.039984012409508107e-01
2.115272164554486134e-01
1.717429130583764119e-01
1.690305064247824840e-01
1.046101224738263946e-01
2.484850188428874285e-01
2.459521508194883188e-01
2.410182565718971548e-01
2.367032039733298621e-01
2.345042889954559173e-01
2.404321503534016247e-01
2.443557944368437151e-01
2.476598252607186967e-01
2.474598982625864085e-01
2.426047658680542118e-01
2.348063860765286781e-01
2.127526062536023443e-01
2.387885722389894994e-01
2.370832186155777122e-01
2.168952941149531188e-01
1.931169796979768094e-01
2.083199459733056369e-01
1.852085664776526863e-01
1.548442374846194791e-01
1.210223813342996002e-01
2.072829437632220106e-01
1.830997610510954887e-01
1.540428669683960028e-01
1.203459421371503718e-01
2.084485294412755374e-01
1.838353267373250832e-01
1.537194454502439633e-01
1.212380526461199898e-01
2.244784245854265503e-01
2.126552807063661898e-01
1.964037696445153636e-01
1.748794951609881909e-01
2.090874280782282491e-01
1.668739834405227329e-01
1.109373599053687237e-01
5.661384210623926494e-02
2.311542234799364992e-01
2.051869932178675138e-01
1.708795578980886465e-01
1.542060650119155274e-01
1.852492441790467848e-01
1.603758534691917814e-01
1.345492442303020397e-01
9.785326680333296390e-02
2.464445515427151623e-01
2.375673930302172054e-01
2.059536020671617618e-01
9.384408485789695609e-02
2.361955197869972656e-01
2.278921844846070466e-01
2.059507881480727998e-01
1.635849025460969774e-01
2.365801850194128864e-01
1.739150173965501034e-01
3.488934615913020371e-02
-1.384457805573646900e-02
2.105805927965345437e-01
1.630552682313077817e-01
4.185908961736089368e-02
-6.132673471923660857e-02
2.261403264925529177e-01
2.358903009418020780e-01
1.884989362990284745e-01
7.257132156190612693e-02
2.161419668078003176e-01
2.181632462461450261e-01
-6.261282615021403208e-02
1.704904948217510208e-01
2.485850167134947830e-01
2.469343596965936083e-01
2.454953675813017766e-01
2.395415974136243520e-01
1.414554554747255166e-01
2.083258953110848355e-01
2.245215087949749000e-01
2.449287958395122422e-01
2.481770689013005071e-01
2.432300533539441256e-01
2.372583862236248287e-01
2.167955796387466272e-01
2.404268404026154993e-01
2.347721703160375040e-01
2.135194478175403698e-01
1.834929809353244012e-01
1.374636119494230535e-01
8.037506123459119134e-02
3.387568404388328208e-02
1.200334810630949815e-02
1.656028477876944349e-01
1.218122745442173360e-01
7.457261152812867666e-02
3.442598324969576434e-02
1.244189893702863231e-01
6.532411204617952216e-02
2.403698190095588175e-02
7.666911576979219822e-03
1.977223553251762633e-01
1.671119097426954081e-01
1.215446186287936353e-01
6.916787745008140531e-02
1.557180508649445294e-01
6.639849349564834469e-02
1.073418980740716878e-02
-6.290292816952182831e-04
2.455464238183716896e-01
2.387497531435028852e-01
2.218713175860236586e-01
1.895623331942558887e-01
1.309883884318282787e-01
9.116044649030081992e-02
7.326710634297854685e-02
6.253255159822018738e-02
2.473170438041235597e-01
2.429768801194840400e-01
2.324285922818596362e-01
2.231592403092607091e-01
2.168099182739928743e-01
2.017004489286343960e-01
1.829863071982688327e-01
1.596740227231949472e-01
2.272789680950240421e-01
1.859123139905607680e-01
1.222594959448997515e-01
8.912932355929314987e-02
2.332008159241837075e-01
2.153524609041052307e-01
1.938390940314750066e-01
1.796092893972855709e-01
2.455934652437434529e-01
2.418272016726513984e-01
1.906553806587743816e-01
2.136548633158253940e-01
1.820555052943207686e-01
1.472352346668610867e-01
7.286112355040412492e-02
3.174847804581752003e-02
2.479810968911367042e-01
2.458096301267848338e-01
2.416167558410009519e-01
2.381448475260380115e-01
2.426954201162666580e-01
2.478948900325261551e-01
2.483934824899150795e-01
2.488397469092595571e-01
2.480347371970084147e-01
2.419158901037847809e-01
2.372330703591417900e-01
2.092457605247929620e-01
2.429892408479132904e-01
2.410402713110160466e-01
2.260451784451138757e-01
2.101929414912486749e-01
1.522559234354272650e-01
1.320709290547679993e-01
1.079936194699371715e-01
7.960662647678727610e-02
1.561391353664097759e-01
1.316917204545656472e-01
1.060640626382798879e-01
7.766119260438071603e-02
1.516059404868250471e-01
1.335112855533724663e-01
1.074431365255167498e-01
7.990944992639313627e-02
1.616122813720234086e-01
1.492135647093818518e-01
1.344864561152824545e-01
1.187199046605222907e-01
1.542185250588951617e-01
1.179658614795867783e-01
7.408276089750119586e-02
3.454734090994134726e-02
2.444247631926592390e-01
2.380185864263205664e-01
2.239985274166832740e-01
1.923352631022350323e-01
2.198416167074898342e-01
1.943718386067830040e-01
1.778894419888346345e-01
1.290997253265255551e-01
2.181151230529189411e-01
2.013465609810782542e-01
1.870049149045187320e-01
1.718209960183769425e-01
2.151336501032168058e-01
1.948321245753655562e-01
1.696129739795906588e-01
1.320916068929453846e-01
2.004856003953471022e-01
1.983753694635197184e-01
1.747751125419854112e-01
1.345252429081888745e-01
2.043090388913317013e-01
1.936233811809207894e-01
1.831594022020716084e-01
1.613003053633998984e-01
2.032675170060341818e-01
2.007065418818480274e-01
1.845607883795376269e-01
2.039123782761060044e-01
1.830145407656419421e-01
1.848499903769579567e-01
1.736071562492648990e-01
1.700363705751206655e-01
2.479439176716012883e-01
2.469833470428683120e-01
2.455466244534506848e-01
2.433612602136329961e-01
2.328431322348338828e-01
2.418607086330014921e-01
2.453887002133393336e-01
2.469210854535934530e-01
2.459641881698257926e-01
2.389079445003770008e-01
2.261946001352180824e-01
2.161793691947262452e-01
2.351851000272759673e-01
2.328810855275973146e-01
2.106712026554360129e-01
1.876170228613363022e-01
