2.491521832678851855e-01
2.479627677008899855e-01
2.446859335305273109e-01
2.355948581525334207e-01
2.499035706658911393e-01
2.497669831771358873e-01
2.492355469996667960e-01
2.479924585160934725e-01
2.489548113116374917e-01
2.464049873046933736e-01
2.417395347077329615e-01
2.287974341751101148e-01
2.497365725277274628e-01
2.491955942991902762e-01
2.479419390223957242e-01
2.436303421424780014e-01
2.496232842227356086e-01
2.478248065894771424e-01
2.385345085438411450e-01
2.001719115215465916e-01
2.499560573590156598e-01
2.497916096704744238e-01
2.493699391641049923e-01
2.460355745584326681e-01
2.465584983344768777e-01
2.453934031576068819e-01
2.399191424657962091e-01
2.355223178171681475e-01
2.495284854822438225e-01
2.481724392846194061e-01
2.429690265421872442e-01
2.314746171660190255e-01
2.473916264664479392e-01
2.427752062091645679e-01
2.394584774949975181e-01
2.305945926274690638e-01
2.498012928304466362e-01
2.480386692907307622e-01
2.348145552437891914e-01
2.124206944597911983e-01
2.492634477027950435e-01
2.484019658412066345e-01
2.454430226177142516e-01
2.379058101473974784e-01
2.499676166239675201e-01
2.497999243005178394e-01
2.492467315471243450e-01
2.475726224373276108e-01
2.489932397479959758e-01
2.465915126408835534e-01
2.432520670530846918e-01
2.456171576020474701e-01
2.499839359360131741e-01
2.499294774500654404e-01
2.498289572605128517e-01
2.495250088277953249e-01
2.478971731361555575e-01
2.482241989569106411e-01
2.485786279320896242e-01
2.491867750617108301e-01
2.487081755253097992e-01
2.423261835371458839e-01
2.409797566877591724e-01
2.152975511496667549e-01
2.489226471361163651e-01
2.488848231185268600e-01
2.449102709530553146e-01
2.462530992602391111e-01
2.375457464424625686e-01
2.236594713540888124e-01
1.950195717056810163e-01
1.638767164233522200e-01
2.483934798380746378e-01
2.455392998601290955e-01
2.373935369745153179e-01
2.237716644509571973e-01
2.331593482110346505e-01
2.107731613923246594e-01
1.855724822752490566e-01
1.529983805351573800e-01
2.470843650126321178e-01
2.407898082929369188e-01
2.244787852490935931e-01
1.925915762823168509e-01
2.436596961805733708e-01
2.225200841490001247e-01
1.721358516589704402e-01
1.246402991975164021e-01
2.477016709594883903e-01
2.414825179179617420e-01
2.301064542954572856e-01
2.178376888430015590e-01
2.386529601040343063e-01
2.203767192653708629e-01
2.189870157137149276e-01
2.074829637080043698e-01
2.497687574956632128e-01
2.487785042417077763e-01
2.452226599325487699e-01
2.384889853201539733e-01
2.315665943905658719e-01
2.324310104107591146e-01
2.332662960021942844e-01
2.413555874142244428e-01
2.486603016559943424e-01
2.319347238759531249e-01
2.002137357522944527e-01
1.803522726075214022e-01
2.367619178112640166e-01
2.383515837247788260e-01
2.371556829829812307e-01
2.259014164178081430e-01
2.482897716025364299e-01
2.461980759381523498e-01
2.475069257344685025e-01
2.456650849569280148e-01
2.377886475652476739e-01
2.354879976892246540e-01
2.183351078133208001e-01
-1.302586657967801792e-02
2.499716950748223088e-01
2.498635542124950371e-01
2.497849225058862144e-01
2.497245460712498033e-01
2.460864229930729008e-01
2.478796719840999363e-01
2.479177224539074464e-01
2.489668359273284337e-01
2.479501443717935516e-01
2.375708454412755744e-01
2.361589102358021830e-01
1.953942773807974820e-01
2.496585466619093696e-01
2.494906277642707226e-01
2.484684536366376928e-01
2.477061985483056117e-01
2.440544482032221685e-01
2.358819060166498782e-01
2.240895290375601590e-01
2.029374239100614208e-01
2.489523683041319491e-01
2.469808620095160223e-01
2.435417929075106014e-01
2.363229562460592847e-01
2.421756507824389948e-01
2.323564484646169215e-01
2.209398032308866611e-01
2.006034056577182534e-01
2.490104022175986531e-01
2.473358349150306945e-01
2.425522942429233775e-01
2.289377826231249191e-01
2.461382168378723478e-01
2.355130813512536780e-01
2.091107642715091253e-01
1.713660315611148233e-01
2.434323118219732518e-01
2.327151673239156726e-01
2.134893490235140190e-01
2.000935418875746941e-01
2.419022474703256820e-01
2.368911704358442061e-01
2.317198782173076343e-01
2.184250020294622729e-01
2.483966823661025725e-01
2.433222797888514588e-01
2.267964529185251821e-01
2.109426923999298265e-01
2.470321444497657337e-01
2.413557940526298295e-01
2.193766846714741148e-01
2.070979514723395309e-01
2.461729167134041052e-01
2.225478321603440723e-01
1.541375824054748156e-01
6.232149701153016225e-02
2.243020168534123615e-01
1.985454613451453632e-01
1.623993379003277060e-01
1.660275600931437057e-01
2.485041413310287439e-01
2.396277223738624285e-01
2.338191282610922461e-01
2.230995986369943285e-01
2.336484463291410296e-01
2.067732400566611173e-01
1.732649092498428911e-01
1.482808114933197585e-01
2.499799564854345013e-01
2.498399772208773906e-01
2.498098382758578706e-01
2.489005500893486100e-01
2.411164527741703201e-01
2.478356096109968487e-01
2.485461884627786777e-01
2.487711732598081316e-01
2.483198526100380832e-01
2.396685426585317413e-01
2.386727062440934521e-01
2.018653432734084374e-01
2.489695296077291953e-01
2.487968760404699053e-01
2.447147372222790440e-01
2.454753973137383805e-01
2.432386328848298307e-01
2.392663010858466777e-01
2.349149534221805224e-01
2.308111278875066008e-01
2.486677427268685070e-01
2.469533446230880169e-01
2.452781564773423573e-01
2.394908846681222114e-01
2.422636760579264248e-01
2.383184010549108667e-01
2.318855564270847214e-01
2.313327154170681244e-01
2.461736419007668486e-01
2.433503142998584834e-01
2.404507852337922635e-01
2.354120878740396938e-01
2.449617348894750912e-01
2.386251283271534629e-01
2.317030098402327598e-01
2.266033162523106437e-01
2.084985505947090367e-01
1.490080590232913116e-01
7.269123450688487476e-02
3.535780710628889240e-02
1.827383431838371930e-01
1.336145896032653879e-01
1.315887958898635801e-01
1.346761462365723416e-01
2.479309670811992161e-01
2.427886709078502236e-01
2.174245093983035171e-01
1.604507789620915614e-01
2.228839775919373434e-01
2.166022006775699116e-01
1.887646667255411526e-01
2.071600467389094757e-01
2.412396562122623711e-01
6.088752617820052809e-02
-5.236764910247724419e-02
-6.942868268611954163e-02
1.005663872002535569e-01
9.131702463935627290e-02
1.653094183377957216e-01
3.230121963583098416e-02
2.343922804996644016e-01
2.248859432265790381e-01
4.432966309865195992e-02
1.304927756059851528e-02
2.371950879927897105e-01
1.440775652427182807e-01
9.394776975069446534e-02
-9.004490815617476052e-02
2.499523719065991634e-01
2.495678542460237070e-01
2.492683912993784723e-01
2.405993030218359641e-01
2.165494497222966441e-01
2.298368974822253552e-01
2.422581937615452541e-01
2.449391499065319000e-01
2.480664201436051375e-01
2.380320032085827264e-01
2.373432673565883666e-01
2.004518797471961655e-01
2.481994301929824898e-01
2.479861333852952099e-01
2.434118727553087058e-01
2.423353143538666821e-01
2.495853775405421637e-01
2.489556584109459125e-01
2.474632904202552774e-01
2.449481560230952759e-01
2.499305477454475677e-01
2.498047449858815661e-01
2.495653858410912251e-01
2.488606146466329494e-01
2.492708555834310669e-01
2.486063263597747819e-01
2.467756484914627457e-01
2.426632103006783059e-01
2.497338473267650127e-01
2.493144969400758193e-01
2.478379482038827741e-01
2.447662150851619145e-01
2.498077954069174988e-01
2.490332721439422192e-01
2.458855636092093788e-01
2.366105203418639724e-01
2.498013789180494049e-01
2.491268005421954923e-01
2.478872244006804226e-01
2.451609807312843947e-01
2.492200976327095530e-01
2.476623775605215350e-01
2.434681099858604647e-01
2.339814537137820949e-01
2.490447237707069661e-01
2.472092934710344303e-01
2.421173240590652476e-01
2.357768738371866235e-01
2.496120211628793939e-01
2.483384609658444431e-01
2.442505181040934004e-01
2.317958392807600021e-01
2.496482233026706132e-01
2.475457709446477195e-01
2.228064626600289033e-01
1.333192812590366094e-01
2.488637812791917314e-01
2.463283259603790964e-01
2.318871216774061328e-01
2.209645089688220543e-01
2.499656766143274200e-01
2.498397418123464997e-01
2.489341135363911939e-01
2.397923016836720211e-01
2.499506404575968510e-01
2.494411810326362111e-01
2.451609439769019405e-01
2.210490180070746324e-01
2.499159150435564525e-01
2.496481131133088116e-01
2.489548257587178293e-01
2.470063868536565010e-01
2.467004027795614562e-01
2.483550692697340523e-01
2.488000030229948478e-01
2.492444133234483494e-01
2.471558041170107689e-01
2.313482357202733541e-01
2.329146777394083823e-01
1.868224327975964993e-01
2.471307229610057998e-01
2.474074286693327962e-01
2.397656271723643540e-01
2.418545563464491177e-01
2.496042667200880361e-01
2.487873028212488902e-01
2.467640712115072577e-01
2.420065002042739444e-01
2.499619981690170967e-01
2.498316654304693629e-01
2.496119251836066699e-01
2.487097811904903921e-01
2.490930851906011101e-01
2.481094371418217925e-01
2.447490711367901750e-01
2.372507327507459018e-01
2.498862777041526706e-01
2.496380770255025583e-01
2.487925162907755616e-01
2.468545186948356562e-01
2.498016959987244268e-01
2.487489298457734588e-01
2.435922515681044620e-01
2.225267537462143341e-01
2.498780216085776107e-01
2.495111840223108168e-01
2.486934140257493209e-01
2.467670606542597955e-01
2.497542844743098345e-01
2.491898885650832562e-01
2.485289078194185819e-01
2.480218916917923955e-01
2.499390236417277644e-01
2.496086774185232449e-01
2.471388511950566302e-01
2.387709276057787822e-01
2.476121796557426979e-01
2.436308087635951636e-01
2.372159117346062107e-01
2.349323999286548337e-01
2.499679218712858586e-01
2.496607469081228159e-01
2.426810818762410449e-01
2.206159963996854878e-01
2.494842205829827519e-01
2.487594295553932910e-01
2.448987650309239483e-01
2.392007879373896917e-01
2.499211535085778813e-01
2.498856291364677240e-01
2.496378292830849499e-01
2.495591275154341315e-01
2.499378347200137407e-01
2.497354409907291406e-01
2.480310498706216615e-01
2.478179281775137466e-01
2.499813526695604804e-01
2.499038096122985775e-01
2.497885744183339085e-01
2.493418595624607437e-01
2.486576304877470833e-01
2.491488877860406348e-01
2.494170578970268948e-01
2.492260281385798859e-01
2.490241431308938269e-01
2.442831709579175448e-01
2.431172154581958955e-01
2.236642306625970800e-01
2.484845091412527518e-01
2.483193417948005022e-01
2.425402243160409421e-01
2.443570246416147673e-01
2.429559450146986932e-01
2.340356736711412255e-01
2.178365360160855468e-01
1.916858295377432131e-01
2.489430780503258944e-01
2.471913206933740725e-01
2.430785070028166628e-01
2.333303044829422024e-01
2.405635665576350002e-01
2.274742812494392474e-01
2.060574052549025148e-01
1.787140630346576997e-01
2.469895764624109036e-01
2.428958071846150646e-01
2.332383817366441292e-01
2.164508208379989640e-01
2.460239551363652133e-01
2.336864958067509934e-01
2.003717059836134240e-01
1.370180541037985811e-01
2.498734649395655261e-01
2.495348650192784068e-01
2.480206523231751059e-01
2.417173445973783696e-01
2.472348009361959031e-01
2.451810247862076519e-01
2.432326302302325605e-01
2.448628768647728438e-01
2.499096337127206802e-01
2.497886033751436918e-01
2.495197938036217700e-01
2.455851576221632637e-01
2.498007847324386355e-01
2.498090944507514455e-01
2.495971702270989856e-01
2.478581443201800516e-01
2.498130273600127904e-01
2.488033586085979798e-01
2.455576234518594136e-01
2.402699870793852110e-01
2.496644395150140749e-01
2.489815493909669497e-01
2.489811980396575974e-01
2.474941486193012741e-01
2.499122849920328848e-01
2.492873670130438257e-01
2.479206157307832781e-01
2.490659191518031501e-01
2.438543555325702328e-01
2.204226464695737964e-01
2.388371914432639853e-01
2.235155999634514945e-01
2.499802393329813022e-01
2.499132225953576703e-01
2.497992431127004365e-01
2.494889445764777169e-01
2.485495311928325735e-01
2.489205161891387963e-01
2.492550582975266993e-01
2.495292198056240085e-01
2.486258075246715049e-01
2.420302132181903210e-01
2.403371089742703526e-01
2.134971176847398899e-01
2.493243971602930320e-01
2.491094440241740093e-01
2.467628452908900705e-01
2.466833979967827106e-01
2.483393080933231079e-01
2.469175956789894655e-01
2.424393077926442486e-01
2.322458722226213024e-01
2.498079511306035561e-01
2.494540908518504962e-01
2.486859933507234166e-01
2.467540348635256786e-01
2.481250873466256390e-01
2.461084523904185084e-01
2.404207805774031537e-01
2.257333348602562351e-01
2.481595159251561433e-01
2.462649158966935536e-01
2.417567361683972404e-01
2.333441282050205123e-01
2.494042376833366104e-01
2.472153529340347933e-01
2.389722639287048256e-01
1.605681988845150676e-01
2.499008364096274026e-01
2.495431873907805742e-01
2.484618265423457206e-01
2.428201443027021289e-01
2.492986434638760629e-01
2.484867412113824225e-01
2.457820516975710579e-01
2.343643607656155647e-01
2.491202710300090273e-01
2.465163092354006324e-01
2.394056974273003346e-01
2.205448798706370617e-01
2.495051387457122571e-01
2.487578062325381256e-01
2.476222075635010900e-01
2.390450468800255912e-01
2.494245982580804710e-01
2.492650225272552422e-01
2.451652885478588784e-01
2.339170074707542235e-01
2.496568450589920773e-01
2.478651448916341093e-01
2.453024178640429986e-01
2.329908834203431589e-01
2.499398491329361538e-01
2.496853423792418369e-01
2.489313167895967072e-01
2.469141641797644449e-01
2.466400841646779474e-01
2.482980826463637158e-01
2.333314565983908295e-01
1.856307018174290502e-01
2.499428806404146441e-01
2.498029388771453030e-01
2.495195457513785242e-01
2.489377871154546951e-01
2.463308920324557838e-01
2.479830529187927735e-01
2.489796912990772937e-01
2.489802382305535966e-01
2.486484470719644846e-01
2.415452321914730582e-01
2.408396691065065320e-01
2.135332051591979918e-01
2.472502182879862398e-01
2.477064604301547068e-01
2.384044382255936234e-01
2.427921586556131273e-01
2.454702278097950496e-01
2.342681004028613900e-01
1.882223719813286011e-01
7.542975954830577479e-02
2.495782370801824246e-01
2.489754106274374157e-01
2.454820556537403720e-01
2.324557540444148751e-01
2.422074436473784509e-01
2.248831029400986947e-01
1.522009387243818679e-01
1.842568136880671711e-02
2.456378957665187879e-01
2.335133027118056204e-01
1.955656137677815876e-01
1.105902523210491317e-01
2.480583060833792541e-01
2.344678359085939079e-01
1.104761195473002722e-01
-8.433941762415676779e-02
2.475527520252699953e-01
2.433303992522813375e-01
2.343578000327817823e-01
2.086708127631957954e-01
2.289776168049515170e-01
2.183095090884724365e-01
1.914982902480343585e-01
1.802740098111707545e-01
2.493482041620499745e-01
2.488372832911606714e-01
2.485819078036428376e-01
2.364269882618876273e-01
2.489353606444931200e-01
2.470422312748136728e-01
2.424329590033081350e-01
2.314048493835298981e-01
2.474742241286190247e-01
2.430499858427318804e-01
2.143576179070637022e-01
1.916189695306466934e-01
2.480821755980756882e-01
2.455633678020957555e-01
2.220787300166846001e-01
2.343336686503015298e-01
2.495875020430236291e-01
2.494486257360469250e-01
2.363056594941579103e-01
2.348440951654471032e-01
2.418702936241608481e-01
1.772664861426405947e-01
1.501929922082862745e-01
2.116008232571233993e-01
2.498952851329713232e-01
2.496293805611678462e-01
2.494187748209224786e-01
2.463240483711512385e-01
2.453722444104154965e-01
2.486084972042557351e-01
2.482344614527432491e-01
2.490097104633788305e-01
2.490019554458947348e-01
2.440008180880631483e-01
2.429878024604096298e-01
2.223419489246350467e-01
2.477272430350355437e-01
2.481321864539260125e-01
2.384059526562586906e-01
2.437845813711055354e-01
2.450406422341380730e-01
2.372413213158930390e-01
2.202837842009997271e-01
1.901047113871680572e-01
2.494969835249568613e-01
2.480321835206318326e-01
2.450380212915257150e-01
2.375704981192676979e-01
2.425180076747832925e-01
2.319384161745716710e-01
2.095368468731888256e-01
1.773845746424111136e-01
2.490444790973317668e-01
2.472918891225718563e-01
2.414278119869226746e-01
2.251847875418799272e-01
2.472306416423424580e-01
2.371738775866208404e-01
2.016677417351878943e-01
1.347860467780208626e-01
2.489272443605476670e-01
2.462063787271738524e-01
2.399969608940735188e-01
2.271567725696622131e-01
2.421954197841041934e-01
2.369124251924422664e-01
2.279361251374518171e-01
2.247016811905272193e-01
2.497483467982856142e-01
2.490015565383578988e-01
2.465269621772215591e-01
2.434158370801412508e-01
2.468420497857710116e-01
2.462397588951927563e-01
2.401745067175135029e-01
2.369528201890554464e-01
2.485361847692102166e-01
2.404240384674889985e-01
2.157515932060686814e-01
1.894340653077254966e-01
2.445472489433379026e-01
2.398386968892061433e-01
2.348703676869204338e-01
2.412806074829885739e-01
2.498402586880819065e-01
2.490626030167689686e-01
2.484981440390699736e-01
2.481299107576383500e-01
2.474606266805128851e-01
2.443857233668546292e-01
-2.115176358330073114e-02
2.269948556625817071e-01
2.499393493088653828e-01
2.497600487711141570e-01
2.493979173963989382e-01
2.494074642359571936e-01
2.454488983621379572e-01
2.469820519715351659e-01
2.483187866831897128e-01
2.491841649859661834e-01
2.488255507317722881e-01
2.418297374503666497e-01
2.422787242013724751e-01
2.222352086182979858e-01
2.455665354831529923e-01
2.476634058187022480e-01
2.387778339393802352e-01
2.437607069842839813e-01
2.463067150036099551e-01
2.395908611869621008e-01
2.271404465378311921e-01
2.027695655066576730e-01
2.496512661699990254e-01
2.487866603962920475e-01
2.462989996404848225e-01
2.392384731533067910e-01
2.445199669279997934e-01
2.364771204826112139e-01
2.174818375577469709e-01
1.885505997163611780e-01
2.495089378575119365e-01
2.484945978408864553e-01
2.450847441935776749e-01
2.351547703549211055e-01
2.482903472214564866e-01
2.405507662167203908e-01
2.075746047114315485e-01
1.412386954477659884e-01
2.496325485892632867e-01
2.487039520354759059e-01
2.463516280893635613e-01
2.392471660005368594e-01
2.443634901331042386e-01
2.391096986700027571e-01
2.173713698786086668e-01
1.971929173188645690e-01
2.497608558692163416e-01
2.488137355367516235e-01
2.442725737379355111e-01
2.361053764567236923e-01
2.450867654844853805e-01
2.414744255496602543e-01
2.348579053728368782e-01
2.218464211137718689e-01
2.498855747143578776e-01
2.475229035534979027e-01
2.203476528749171159e-01
1.815768260770883047e-01
2.491616609749837952e-01
2.466884850760497350e-01
2.414727517578603155e-01
2.277748520199280036e-01
2.497018910445921724e-01
2.495158618126754324e-01
2.483682256646050357e-01
2.490758710782951246e-01
2.475771238208581138e-01
2.448379250991935263e-01
2.129251898992763348e-01
2.117128323170079929e-01
2.499571441759604329e-01
2.497983148194270475e-01
2.495085429911977903e-01
2.487968685082871390e-01
2.468181377045201297e-01
2.479292402732378442e-01
2.484419739800632632e-01
2.489131727913552472e-01
2.453202125321577443e-01
2.138535053703123356e-01
2.273123705705590025e-01
1.699011379558889867e-01
2.375954844536727895e-01
2.434132157572928279e-01
2.167566810303388491e-01
2.340643360632408965e-01
2.436544677021124095e-01
2.334970396318585550e-01
2.146118302328370031e-01
1.940917770120506314e-01
2.492168711902896794e-01
2.477089641919505980e-01
2.436421507570444567e-01
2.349783372373999424e-01
2.408592955157480564e-01
2.267776135636175860e-01
2.038147824322363300e-01
1.790795002340845876e-01
2.481817219142056774e-01
2.450593582903954626e-01
2.387101310461698656e-01
2.245459649722981454e-01
2.461731010950689857e-01
2.321230333905758003e-01
1.950215868872018921e-01
1.421711017996122872e-01
2.481651353310510011e-01
2.434547087256181686e-01
2.350548174905348897e-01
2.215772041010897475e-01
2.465308867703968621e-01
2.411094950897989531e-01
2.402600348537503316e-01
2.360041311817576148e-01
2.490435109385972512e-01
2.447074393477640664e-01
2.300984299897856911e-01
2.129993437809439560e-01
2.367949676614591326e-01
2.309654241831021193e-01
2.075651998450104008e-01
1.909611715816992294e-01
2.494251103993050389e-01
2.413361656938246835e-01
2.015161422730056551e-01
1.344217480165701695e-01
2.391859458483159007e-01
1.566076034993331978e-01
1.756353361255137691e-01
1.734881781636798959e-01
2.499727991860979104e-01
2.496173741812461599e-01
2.459107132667384954e-01
2.481424213893706765e-01
2.470977266034342923e-01
2.452408443899071477e-01
2.478453107128847921e-01
2.490868783601795367e-01
2.499651759669419271e-01
2.499027601260309372e-01
2.497998461394363157e-01
2.495345488187157013e-01
2.462135934016840555e-01
2.481702660226486612e-01
2.488414150360686306e-01
2.488099379013953838e-01
2.493288735537352308e-01
2.462918111581402503e-01
2.450747898556464299e-01
2.323184588065606015e-01
2.484163838834381743e-01
2.483820942252552566e-01
2.409083022518834494e-01
2.447263795447653101e-01
2.499151081233457194e-01
2.496596320913130607e-01
2.493169318799087486e-01
2.477546322271423629e-01
2.499864935943791888e-01
2.499532029212432060e-01
2.498740972666151916e-01
2.497844660053679666e-01
2.498281405331675975e-01
2.495103844734704313e-01
2.485662746011048641e-01
2.463613322955655605e-01
2.499884675914034737e-01
2.499401880010631849e-01
2.497955426643342081e-01
2.493282110273249419e-01
2.499405402475370908e-01
2.496337217616416970e-01
2.481004109567328253e-01
2.411717027557141457e-01
2.499751459262193054e-01
2.499361948258677080e-01
2.497639624648349821e-01
2.492192782874560752e-01
2.491219568842876764e-01
2.472594499883241648e-01
2.447055554424001078e-01
2.429157247793707897e-01
2.498893543387640248e-01
2.490444098809972140e-01
2.446293997207513171e-01
2.325730027012264944e-01
2.478147119957672950e-01
2.422229852884924539e-01
2.301063094231780293e-01
2.201620891782512246e-01
2.499769145180472940e-01
2.494080936481128941e-01
2.293593954705991089e-01
1.823585206291593042e-01
2.496857544800437367e-01
2.486728218217847397e-01
2.452210386347864202e-01
2.290331099615189603e-01
2.499838516591504634e-01
2.498733559877706900e-01
2.498943696561390648e-01
2.497342142265757403e-01
2.499626048262696687e-01
2.497306820634365709e-01
2.497768944107727207e-01
2.486197105143568287e-01
2.499688303809227685e-01
2.497727367732862913e-01
2.495512968732402359e-01
2.486517657741467435e-01
2.490404530614292733e-01
2.493047722286216572e-01
2.493273597534966524e-01
2.492078645505690915e-01
2.484715515944142250e-01
2.405416522949193059e-01
2.395925563232603195e-01
2.061294324127888877e-01
2.488761040238780253e-01
2.486214884256816027e-01
2.439308482092125419e-01
2.451440240848086483e-01
2.493898475410443183e-01
2.482944244571433923e-01
2.459292890212136928e-01
2.416693675485934445e-01
2.499337395579004362e-01
2.498178447794008328e-01
2.494429174050175058e-01
2.484070041390397665e-01
2.491912805397444863e-01
2.478200305330749142e-01
2.440573356120139814e-01
2.384539113613801387e-01
2.499172113438405674e-01
2.497247739741205175e-01
2.493441891418393674e-01
2.478421853127983354e-01
2.496633086248643552e-01
2.483246558568729390e-01
2.427728376732815052e-01
2.244695320891440249e-01
2.497374277850015756e-01
2.490686626200878662e-01
2.475865376689826702e-01
2.433933671899313478e-01
2.491103605140952137e-01
2.476816002910690317e-01
2.425564154283812723e-01
2.370200835450843591e-01
2.498345881243688449e-01
2.495395518974937721e-01
2.487075032328485702e-01
2.439726298285632422e-01
2.481439918347339013e-01
2.468587264630461298e-01
2.445235987774268538e-01
2.377997408652147704e-01
2.499035555045324986e-01
2.474236024907783271e-01
2.187150649484345677e-01
1.569484598821805355e-01
2.490402303948417162e-01
2.440345846807955854e-01
2.369677952065032955e-01
2.306457602366184245e-01
2.499765620539481925e-01
2.499734016903830680e-01
2.490048292243758898e-01
2.480873656206366573e-01
2.497047552872566356e-01
2.491326432172931149e-01
2.482346501737082434e-01
2.467516851197046057e-01
2.499591662635615719e-01
2.497968743583224294e-01
2.491958153421815203e-01
2.483437845875460515e-01
2.469252358509647083e-01
2.484174295989830528e-01
2.490106887930067237e-01
2.492464996086967421e-01
2.484102917648060571e-01
2.396468916817012795e-01
2.394633337737671064e-01
2.060182863057389846e-01
2.480566339423950495e-01
2.481175824227445925e-01
2.394520049168623321e-01
2.438512463636707539e-01
2.434347925825103842e-01
2.360051325524921140e-01
2.228019400873799960e-01
2.071061058155420631e-01
2.489015381979699237e-01
2.469142493230143121e-01
2.419491517744225828e-01
2.321134820933363208e-01
2.399889518244618658e-01
2.297000559198134062e-01
2.142389881435021737e-01
2.034478533828322777e-01
2.493370791256220020e-01
2.479824305366511161e-01
2.443731453643067097e-01
2.363812892346615069e-01
2.472016164394807425e-01
2.386107210744780605e-01
2.193204055201416758e-01
1.901106865398116963e-01
2.208338482384991919e-01
1.595557603333477847e-01
9.219860541797447739e-02
7.182489096937974549e-02
2.217000243481056510e-01
1.937915366350109192e-01
1.852599542131033450e-01
1.443847751302146099e-01
2.476943397421863813e-01
2.389060181458473320e-01
2.060065854767950122e-01
1.589373963677900570e-01
2.357222315912896604e-01
2.346025989625515895e-01
2.263233028676671921e-01
2.152443676891853397e-01
2.465369233572297369e-01
1.772806133484206847e-01
-1.465003962555203390e-02
-4.949977751282924610e-02
1.995479129881509162e-01
1.530758130001105000e-01
1.198977790288594386e-01
1.216873291527726803e-01
2.491383691113840670e-01
2.440095764888584873e-01
2.144790496218864639e-01
1.114423686400088792e-01
2.455102457077750211e-01
9.330872736920485522e-02
1.289801759124740432e-01
9.230233004999222057e-02
2.495051008965602501e-01
2.491679798449122629e-01
2.476068347015744908e-01
2.468368794547742551e-01
1.927949928532832480e-01
2.260970629346615302e-01
2.387121402168420614e-01
2.469019071551362410e-01
2.444228011117236254e-01
2.142773892171974393e-01
2.239873901741586959e-01
1.450631712643729032e-01
2.403522906819618721e-01
2.422431553445776875e-01
2.220536776514752675e-01
2.310524122748851827e-01
2.471543337196380197e-01
2.429716185984218957e-01
2.354655904411433187e-01
2.162722948531540512e-01
2.495817528822867337e-01
2.490062440589081438e-01
2.473226722247649223e-01
2.426656304593691749e-01
2.458657154624631636e-01
2.388570543788894884e-01
2.287144228909650245e-01
2.142687103961976869e-01
2.493476467960942522e-01
2.477841138661648346e-01
2.431554922485483217e-01
2.337873988282198334e-01
2.484708913677405040e-01
2.429758630654690887e-01
2.228845134731613775e-01
1.807406017719968006e-01
2.494489323797086100e-01
2.481500162003017762e-01
2.447498983964245811e-01
2.384653830844172262e-01
2.484376577178576961e-01
2.469860882515828859e-01
2.463009138583452107e-01
2.359281350252894205e-01
2.499748955897469482e-01
2.498897949976970623e-01
2.482708705620017275e-01
2.411357503181285333e-01
2.439151762290646674e-01
2.421651345858056026e-01
2.408002101538537221e-01
2.455493082884306344e-01
2.497124587384873806e-01
2.460027901031812958e-01
2.238164365423727653e-01
1.978559811441226446e-01
2.459517835420588772e-01
2.446404187121714036e-01
2.452350784050655041e-01
2.416185185115439782e-01
2.498676730886349173e-01
2.495621075342146500e-01
2.498235637338117598e-01
2.386396385808191856e-01
2.490021784136302874e-01
2.489948307387905291e-01
2.434214472375882399e-01
2.456477942046920437e-01
2.499880041957945331e-01
2.499397311767841412e-01
2.499142376040724978e-01
2.497624089441868034e-01
2.487259613335266184e-01
2.487718930688310737e-01
2.488256291422180633e-01
2.491685344405796254e-01
2.489717123526341280e-01
2.443085359195245054e-01
2.425110540818054827e-01
2.225145143877038656e-01
2.494370471748579010e-01
2.492152622810949181e-01
2.469687667514079699e-01
2.470200019329362728e-01
2.480839672299042509e-01
2.451100100061730236e-01
2.392650393004369935e-01
2.323017891601425744e-01
2.495731825256957415e-01
2.493801387252011226e-01
2.475869993085035581e-01
2.440612237141567276e-01
2.462366398963507785e-01
2.419578918787073929e-01
2.375189930776879232e-01
2.292911854194260302e-01
2.493273980023494041e-01
2.483684580301088463e-01
2.467135016145940163e-01
2.421465777625418925e-01
2.483892885052629840e-01
2.440303202195442667e-01
2.310575946340692188e-01
2.109732305494536053e-01
2.458481954602610986e-01
2.378265142971209001e-01
2.265488816821768780e-01
2.259457923723596773e-01
2.296633120953831819e-01
1.965372010269331449e-01
1.724478818733344021e-01
1.646686284073059781e-01
2.495458846268673314e-01
2.483884134423777479e-01
2.415657653106456082e-01
2.262485087738655976e-01
2.448651822874940154e-01
2.401445522525435805e-01
2.269123731003561129e-01
1.963467517429840492e-01
2.477403935057465867e-01
2.284827767448032176e-01
1.208157997303427461e-01
4.881063982189991907e-02
2.307770238919288897e-01
1.950052687652067407e-01
1.785241646525654591e-01
1.736468480467880104e-01
2.472650179561633466e-01
2.451498634090660822e-01
2.357455950905656406e-01
2.167229602165022251e-01
2.451569938801904380e-01
2.390765768967628990e-01
2.399025731617474566e-01
-1.627447010188597665e-01
2.498194677722702650e-01
2.495452647800599777e-01
2.492851357394724743e-01
2.472970039075516602e-01
2.303585321425250798e-01
2.379937118210100067e-01
2.436223534760927067e-01
2.465210908119910560e-01
2.420991129630518934e-01
1.920879475370305400e-01
2.189721078378262520e-01
1.593337955974368225e-01
2.179690998812474911e-01
2.371198039605836583e-01
1.951863688614497161e-01
2.230593710653239747e-01
2.495006325977512096e-01
2.493615543165344228e-01
2.481821958217571567e-01
2.462222690892929555e-01
2.498885643328997153e-01
2.498028817827842307e-01
2.495835985393737577e-01
2.491304410010534154e-01
2.492889000212720196e-01
2.488676625736130910e-01
2.468055010096802948e-01
2.463187265765483525e-01
2.499196412494441855e-01
2.498250326341788508e-01
2.496815267830217733e-01
2.487679742416842865e-01
2.497689300510151089e-01
2.492564642412029297e-01
2.480860603308827073e-01
2.441332640172130253e-01
2.467024797950637671e-01
2.405378813217675660e-01
2.201505712426809758e-01
1.948041367110485977e-01
2.435779584701904255e-01
2.304012957769407677e-01
2.168791667160234748e-01
1.974122749131899390e-01
2.480600922471346281e-01
2.452402952998472552e-01
2.338572578420102244e-01
1.918943620169615560e-01
2.464623247464204636e-01
2.366893603893047704e-01
1.929284468280918763e-01
9.555752106432773008e-02
2.492838839114576432e-01
2.419411224215808620e-01
8.704843790142627324e-02
-5.947911019414382078e-02
2.458334489510829723e-01
2.371022237937449317e-01
1.492010834755717053e-01
-2.448576575360196864e-02
2.498374729452151888e-01
2.498669102061929215e-01
2.496378614373712390e-01
2.421062120095505976e-01
2.416572881789147142e-01
2.286581277520259303e-01
2.343957229580776735e-01
2.209399741504096126e-01
2.499187479067438711e-01
2.494689584113544412e-01
2.482923848675896439e-01
2.445314202607650478e-01
2.348225519003145634e-01
2.438858601694149919e-01
2.474951622717974642e-01
2.486111711084252052e-01
2.468671172208687092e-01
2.274048073112574508e-01
2.313081146721538417e-01
1.683425747824495999e-01
2.479063078769818684e-01
2.480977736521372268e-01
2.410824786438182654e-01
2.438569190350129978e-01
2.490532084454250839e-01
2.479206076727851482e-01
2.438696438615072237e-01
2.279614726285153492e-01
2.499004437794938860e-01
2.497510739102153932e-01
2.490759383759903745e-01
2.477187494570328441e-01
2.486851396253771385e-01
2.464635251806364669e-01
2.408283678940653927e-01
2.137285535210863008e-01
2.471914313117719864e-01
2.451741971067207537e-01
2.405063597786081253e-01
2.188985593621464165e-01
2.495156986269658761e-01
2.477076474541356210e-01
2.383124192152631382e-01
1.179390573307048384e-01
2.498993387367958452e-01
2.494697227289067731e-01
2.482928746186792712e-01
2.432467688562852670e-01
2.466225728216318025e-01
2.431413421512237383e-01
2.307876607233120825e-01
2.223179349565932161e-01
2.477262514835638085e-01
2.428437255014708473e-01
2.331707562965430747e-01
2.171943523567241852e-01
2.485705819989988130e-01
2.477815139220641283e-01
2.465782522969098278e-01
2.424435074694598624e-01
2.498485685789395838e-01
2.467952256265355526e-01
2.314056724435622769e-01
2.213553376827405716e-01
2.492601603501879426e-01
2.492438221865285464e-01
2.484182461146704768e-01
2.466239580464582859e-01
2.498298819041729069e-01
2.493460877549266153e-01
2.482353715880591671e-01
2.408944095760339743e-01
2.465624643216848266e-01
2.374141366087625382e-01
2.345731821986513088e-01
1.883098021278381828e-01
2.499438233950105615e-01
2.498729856550942485e-01
2.497301351974936245e-01
2.493043768383577385e-01
2.467587788970226903e-01
2.482561278701481133e-01
2.483192679822814053e-01
2.489136907090879203e-01
2.489669822119593146e-01
2.440667106673505560e-01
2.425471771270723831e-01
2.234936522352216903e-01
2.484207178377588199e-01
2.484808029591905332e-01
2.426802648618427427e-01
2.449801500200685378e-01
2.476802485181417157e-01
2.446519472965974495e-01
2.381140049708930506e-01
2.279170023040474335e-01
2.494020986372021964e-01
2.486954373306352606e-01
2.473839908973935742e-01
2.434930571920035369e-01
2.460678742604882341e-01
2.426955193574756309e-01
2.349629264418115482e-01
2.240880908257780468e-01
2.494131228576034476e-01
2.482889004736539007e-01
2.447690113215711394e-01
2.364386769606555139e-01
2.485994731477307595e-01
2.447879209041744775e-01
2.338209679854831025e-01
2.024806494891213393e-01
2.369997793478176296e-01
2.047937870180291386e-01
1.544532280395001234e-01
1.140721127117044903e-01
2.485662142505523642e-01
2.445170913963011228e-01
2.379583537878157962e-01
2.304613838644229140e-01
2.495542850762260123e-01
2.481734415394161175e-01
2.426218613201435170e-01
2.304041265743153877e-01
2.489718368091430045e-01
2.481695534936757264e-01
2.476209140808995623e-01
2.435694940254749252e-01
2.497199292296981843e-01
2.466308291867844449e-01
2.190510487654101224e-01
1.646870080063479735e-01
2.472401096631010320e-01
2.404035855935355848e-01
2.351662773732172973e-01
2.115477628077776506e-01
2.499936981286624005e-01
2.473802771658747401e-01
2.483698211329299355e-01
2.443485725748464621e-01
2.456905084447950083e-01
2.381342432233105044e-01
2.227981563129927955e-01
-7.936715613319758264e-03
2.499166770531993931e-01
2.497044377840600404e-01
2.493568162211439732e-01
2.475765156842122949e-01
2.382357588705264206e-01
2.460970887000207552e-01
2.469323710281683126e-01
2.476897384706887584e-01
2.484102348462415843e-01
2.377363911811618824e-01
2.415522353899750840e-01
2.159716299745433887e-01
2.354216031810399679e-01
2.419000070967965710e-01
2.171439967016337291e-01
2.321557725985785858e-01
2.492551076357308049e-01
2.478903500658610759e-01
2.447186719488530782e-01
2.380938282446019849e-01
2.499177552155289472e-01
2.497763495511639287e-01
2.493761262932322198e-01
2.478483474295540556e-01
2.487931651571252123e-01
2.471445803126134377e-01
2.419015767184139742e-01
2.336059211578918604e-01
2.497975375741112447e-01
2.492241415996276077e-01
2.475338468101775102e-01
2.437823425963079604e-01
2.496182070801807873e-01
2.476885583103809740e-01
2.399361556036331555e-01
2.152302053104405422e-01
2.499060219599593402e-01
2.498152679828581635e-01
2.493440623505296661e-01
2.484203816196015324e-01
2.494929701489115581e-01
2.484718014644753947e-01
2.458132545062565177e-01
2.448178309258394747e-01
2.498943530536564817e-01
2.496138396421052896e-01
2.485563382373557340e-01
2.473374627830147443e-01
2.488690753306761760e-01
2.464083314366887212e-01
2.442311676852706448e-01
2.377470522328948843e-01
2.499632658043233202e-01
2.494300024942222027e-01
2.447790287256897956e-01
2.257462511286709994e-01
2.494312212389244998e-01
2.490238202758452979e-01
2.463025471921830578e-01
2.438693603542450850e-01
2.499845768302443871e-01
2.499435145155531890e-01
2.497661307911553386e-01
2.467297616329075516e-01
2.495309874849868381e-01
2.480767396385459012e-01
2.349225779625039867e-01
2.404190821702143765e-01
2.499687108881955278e-01
2.498546887195450816e-01
2.494945428385770547e-01
2.489623014880395224e-01
2.484944364728205179e-01
2.490652001907270041e-01
2.490620346381798023e-01
2.492960477837495858e-01
2.488674675733217323e-01
2.432078804624844826e-01
2.420560539479050810e-01
2.200308264036103523e-01
2.484945945651631516e-01
2.485889065603647530e-01
2.429593942129771589e-01
2.454966685522950720e-01
2.314827957348712939e-01
2.008766356584881785e-01
1.550101887640753517e-01
1.026643539591386434e-01
2.475165180138630683e-01
2.436795909149748196e-01
2.293694453086007889e-01
1.981197971776314515e-01
2.196130027675921026e-01
1.813795136453967838e-01
1.391668502105170291e-01
7.860649150887694114e-02
2.373809742793022703e-01
2.145196982975630107e-01
1.703077304032429573e-01
1.154912597363963733e-01
2.406142980199242054e-01
2.006715596731744877e-01
1.075705519650037162e-01
3.241925972422544239e-02
2.478077413722172273e-01
2.417628202813036642e-01
2.339008060882439843e-01
2.189403405825988136e-01
1.925352584676681411e-01
1.480003297167282461e-01
1.051477711418039168e-01
7.950663368344410009e-02
2.492164995519129955e-01
2.456841038297537527e-01
2.355203566543047355e-01
2.192924271925609514e-01
2.346089285510296607e-01
2.258235076205561409e-01
2.152988810735147751e-01
2.256524361083783459e-01
2.476776834368552560e-01
2.354513245878126493e-01
1.261484896847644699e-01
9.266167171242496725e-02
2.423182229643588426e-01
2.356166229090473907e-01
1.969043642356401724e-01
1.327705632478675679e-01
2.487637527148766625e-01
2.444798934897911558e-01
2.263705211924031124e-01
2.083068402051903856e-01
2.258079551666438145e-01
1.841394963263473794e-01
1.853352466817231869e-01
1.645541254130037101e-01
2.498855024023706739e-01
2.494764630530348082e-01
2.486394914635260966e-01
2.482259122695524289e-01
2.462616833045583598e-01
2.473864413258813066e-01
2.471268021411477389e-01
2.488231400975162988e-01
2.487218720078332723e-01
2.427085987908884634e-01
2.408159289570586670e-01
2.146595711162306297e-01
2.489362007527793907e-01
2.486215852064806997e-01
2.445312917370817130e-01
2.442361135890180890e-01
2.479219144980291112e-01
2.475361861729708512e-01
2.448838895938642291e-01
2.414294989829347815e-01
2.497216455324363094e-01
2.492423864281002044e-01
2.486008432110519695e-01
2.472869739321664484e-01
2.480627138784464447e-01
2.452762090337947676e-01
2.428295883689171597e-01
2.404820738257797963e-01
2.490406245659693152e-01
2.470788624085772656e-01
2.427416064594398737e-01
2.341983636144588654e-01
2.488691069766277297e-01
2.463383265391067833e-01
2.413656220056825397e-01
2.322645777502644615e-01
2.357379866091175724e-01
2.132368403755651454e-01
1.848167722268590496e-01
1.804585655194629046e-01
2.239185198003919020e-01
2.111438541936360158e-01
1.945917996826984908e-01
1.745147027247410110e-01
2.470512592080915393e-01
2.388982487394170906e-01
2.086274507679770351e-01
9.671008733682862069e-02
2.446111119826598901e-01
2.414738075116952543e-01
2.268557355436519873e-01
2.009159174207417742e-01
2.435744674118851538e-01
1.848496587610478359e-01
4.157560308527335352e-02
-1.988273546549464491e-02
2.217818924852879847e-01
1.798590563033932443e-01
4.880039318232040624e-02
-8.158073199178804413e-02
2.499488551859669339e-01
2.376449630233955224e-01
1.990615716978975658e-01
8.467834900141124610e-02
2.305979919922013233e-01
2.226315916153167318e-01
-6.987098425460079587e-02
1.756710720385366853e-01
2.495136979469620708e-01
2.485533807505372617e-01
2.487876414375291834e-01
2.448070705401627634e-01
1.490235180439466456e-01
2.136197725454684615e-01
2.264584330261874834e-01
2.465505285258957346e-01
2.488727174442449952e-01
2.434282536100741690e-01
2.419805421972698323e-01
2.186248669776611198e-01
2.486097501821507849e-01
2.484943699700948583e-01
2.423530468229589119e-01
2.445092717276489691e-01
1.970544956674157022e-01
1.461482780399828429e-01
8.500179717564074200e-02
4.578008384454167884e-02
2.429448944069738103e-01
2.294130843491340721e-01
1.968195334386265150e-01
1.400141382895280784e-01
1.782302419682852967e-01
1.186792809658402531e-01
5.987890995085713708e-02
2.910908311296430545e-02
2.436915210231354878e-01
2.333200502236898732e-01
2.030319817556691386e-01
1.458807973632698929e-01
2.230775515131313558e-01
1.460603553400121879e-01
4.678204343551026906e-02
-6.850168750106960282e-03
2.476094814220081708e-01
2.428009255502551200e-01
2.294963673438555618e-01
2.031106831343109098e-01
1.976747871087710662e-01
1.794298737075307459e-01
1.595805389521902928e-01
1.483041101339477863e-01
2.492781005199382338e-01
2.466878383416630516e-01
2.389951903076905082e-01
2.349192928668682456e-01
2.391647949365112713e-01
2.351465541247514668e-01
2.322989165955433588e-01
2.348978413518982566e-01
2.414352893070153272e-01
2.069282035308168954e-01
1.796641679554319138e-01
1.814798277179290598e-01
2.458251360236265171e-01
2.341621874802162773e-01
2.257092191473896170e-01
2.278264908479012696e-01
2.494494680697583178e-01
2.456470591381984814e-01
1.937230689714188048e-01
2.174211150044076668e-01
1.832563513756065576e-01
1.549242178879054188e-01
7.853697984370233698e-02
3.427967726257166725e-02
2.498254909080794561e-01
2.494807145689775241e-01
2.475023815655845727e-01
2.465518427482485675e-01
2.474045417156757742e-01
2.488802108370932187e-01
2.490032728589179623e-01
2.492148583944817919e-01
2.485195535188616522e-01
2.419274616439994197e-01
2.394757359302248090e-01
2.100439843436350540e-01
2.486188375635629277e-01
2.489886806616248560e-01
2.443097951342888263e-01
2.448886189926545165e-01
1.832063963455287381e-01
1.819142043190450642e-01
1.813092673493388041e-01
1.751565047326739122e-01
1.907922895142409314e-01
1.868253415832590580e-01
1.860983735554610774e-01
1.827106444283128073e-01
1.819492058623359831e-01
1.844522760745980761e-01
1.795632618894533183e-01
1.749740860488660787e-01
1.878268029848420284e-01
1.865508044342336635e-01
1.848892704767086392e-01
1.830371775940325685e-01
1.856328044177382175e-01
1.828635988427613768e-01
1.781255664795932669e-01
1.539630223132438247e-01
2.494467052453820111e-01
2.479971119013503200e-01
2.432680012925644009e-01
2.273749424071742076e-01
2.473261846418027265e-01
2.459517476070304798e-01
2.435058715753239400e-01
2.392629160483849826e-01
2.430884725526778756e-01
2.341242915977639061e-01
2.265471040869868891e-01
2.180539667162562090e-01
2.248864503990919417e-01
2.118221777508458858e-01
1.982656905404346359e-01
1.827614496946471656e-01
2.382544121708695117e-01
2.431874339730328294e-01
2.396531429724509943e-01
2.243147365516028058e-01
2.184223253473824566e-01
2.147163315420604623e-01
2.100665688420930155e-01
1.965409912453844610e-01
2.324944859491030746e-01
2.297665444132687140e-01
2.146717420398622511e-01
2.345531841405890106e-01
2.049517721494280298e-01
1.955177741265980151e-01
1.950102764232682362e-01
1.842112997763953597e-01
2.499442775547796869e-01
2.498883332601577745e-01
2.497507767057695338e-01
2.496422527969635319e-01
2.471319538073029898e-01
2.486566627212413172e-01
2.487097019216907290e-01
2.490876540027258390e-01
2.470356473064616309e-01
2.396139062372018846e-01
2.368891759694967680e-01
2.197641260304269428e-01
2.449661911727182562e-01
2.446506716944588933e-01
2.397669268007864007e-01
2.391074103347815560e-01
