6.392943657769097143e+01
1.297986297607421875e+02
2.579027557373046875e+02
5.146492462158203125e+02
6.164238315158419823e+01
1.237875044080946196e+02
2.445087500678168340e+02
4.897841457790798358e+02
6.426011657714843750e+01
1.301423458523220518e+02
2.586153683132595233e+02
5.139034881591796875e+02
6.623328314887152146e+01
1.343937835693359375e+02
2.537107476128472285e+02
5.219542575412326642e+02
6.506065029568142677e+01
2.052015753851996465e+02
6.473809967041015625e+02
2.048390840318467781e+03
6.525448438856336963e+01
1.318892449273003535e+02
2.563072916666666856e+02
5.175444149441188983e+02
6.115783860948350537e+01
1.259732225206163179e+02
2.547458462185329893e+02
5.013188900417751483e+02
7.843544006347656250e+01
1.902790730794270928e+02
3.397283596462673358e+02
5.067020450168186017e+02
6.294545321994357323e+01
1.315045555962456660e+02
2.559616953531900947e+02
5.111523810492621465e+02
6.119569057888455177e+01
1.280457712809244697e+02
2.633547973632812500e+02
5.285338762071397696e+02
6.368935818142361427e+01
1.245257432725694429e+02
2.570109761555989394e+02
5.091010369194878535e+02
5.067997063530815893e+01
1.243240661621093750e+02
2.631076880560980840e+02
4.806661834716796875e+02
7.299279106987847854e+01
1.276511586507161411e+02
2.405964982774522696e+02
5.431419542100694571e+02
6.880387878417968750e+01
1.271951039632161411e+02
1.893693203396267393e+02
2.861829732259114394e+02
2.324459245469835196e+02
1.945871666802300410e+02
1.896085900200737910e+02
1.754494645860460196e+02
1.000000000000000000e+02
3.981508534749348769e+02
8.999974670410156250e+02
1.534567686292860344e+03
6.494270324707031250e+01
1.035903642442491304e+02
2.899130859375000000e+02
4.139904140896267108e+02
6.368084547254774463e+01
1.275815056694878535e+02
2.500718519422742929e+02
4.844553070068359375e+02
6.061731635199652857e+01
1.200003390842013857e+02
2.287173190646701357e+02
4.390523257785373517e+02
6.329853481716580177e+01
1.273537343343098911e+02
2.504324493408203125e+02
4.813861880832248517e+02
6.298129102918836963e+01
1.259257965087890625e+02
2.542221289740668340e+02
5.168190239800346717e+02
6.458393012152777146e+01
1.997488199869791572e+02
5.996084611680772696e+02
1.772032096015082516e+03
9.289448716905381787e+01
1.894824337429470518e+02
3.800286136203342267e+02
7.446707526312934533e+02
4.779507107204861427e+01
1.380877041286892393e+02
2.570142194959852304e+02
4.920707397460937500e+02
2.091308424207899463e+01
5.100326877170138573e+01
9.627528550889756787e+01
1.624472045898437500e+02
3.096439785427517322e+01
5.401263936360677320e+01
1.081606750488281250e+02
4.252248619927300410e+02
3.131665717230902857e+01
6.010013156467013573e+01
1.294824591742621465e+02
1.999815741644965215e+02
6.376388888888888573e+01
1.255227169460720518e+02
2.507149641248914804e+02
4.780282711452907733e+02
5.770508829752603930e+01
1.387625630696614678e+02
2.593595699734157733e+02
5.953695407443576642e+02
6.129768202039930713e+01
1.162131618923611143e+02
2.740075463189019160e+02
4.909496476915147696e+02
2.668463134765625000e+01
5.057169596354166430e+01
6.533769565158419823e+01
1.025406799316406250e+02
1.906447262234158018e+02
1.942668134901258554e+02
2.112874179416232607e+02
1.781381056043836679e+02
9.986165873209635890e+01
3.894741041395399179e+02
8.971073133680555429e+02
1.316399349636501711e+03
1.096308407253689268e+02
1.814727427164713447e+02
5.123658667670356408e+02
7.255846778021918908e+02
6.263570827907986427e+01
1.263746558295355840e+02
2.498446723090277715e+02
4.950348103841145644e+02
5.963651699490017677e+01
1.191047007242838589e+02
2.329976026746961679e+02
4.594469706217448106e+02
6.249253845214843750e+01
1.263902960883246465e+02
2.498657260470920107e+02
4.915204179551866446e+02
6.581434800889756787e+01
1.259469061957465215e+02
2.516812981499566035e+02
5.039460432264539804e+02
6.385246615939669823e+01
1.991241811116536553e+02
6.185198669433593750e+02
1.911318144056532219e+03
7.890888129340277146e+01
1.606123301188150947e+02
3.222866380479600821e+02
6.417993876139322538e+02
6.089620632595486427e+01
1.289920722113715215e+02
2.414503936767578125e+02
5.044318067762586679e+02
1.722491963704426965e+01
4.256710137261284643e+01
8.360270860460069287e+01
1.483842044406466982e+02
1.718789164225260535e+01
3.508420477973090357e+01
8.408975558810763573e+01
3.284173024495442519e+02
2.236070590549045178e+01
4.728037177191840357e+01
1.236230010986328125e+02
2.931951260036892108e+02
6.378240966796875000e+01
1.273934020996093750e+02
2.537405582004123232e+02
5.031725870768229356e+02
5.622502644856771070e+01
1.246272752549913179e+02
2.422076093885633554e+02
5.719891137017143592e+02
6.469427998860676610e+01
1.255737321641710054e+02
2.527446306016710196e+02
5.702946658664279767e+02
2.911955600314670178e+01
5.425753953721788037e+01
7.135296461317274463e+01
9.797037251790364110e+01
2.152369333902994697e+02
1.688508300781250000e+02
1.754701758490668340e+02
1.660783352322048643e+02
9.867874484592013573e+01
3.817287767198350821e+02
8.834806332058376483e+02
1.435324045817057367e+03
7.611894904242620896e+01
1.619264119466145928e+02
3.050428738064235858e+02
6.470792015923393592e+02
6.393531290690103930e+01
1.295477362738715215e+02
2.559479031032986143e+02
5.071353013780382071e+02
6.094379509819878393e+01
1.235449490017361143e+02
2.436306067572699590e+02
4.814566396077473769e+02
6.377520751953125000e+01
1.292411465115017393e+02
2.551260223388671875e+02
5.069061567518446054e+02
6.435052151150173927e+01
1.235512576633029482e+02
2.563077290852864394e+02
5.337178243001302462e+02
6.492086113823785354e+01
2.040432942708333428e+02
6.356681518554687500e+02
1.975214820014105953e+03
7.611491224500868213e+01
1.445933532714843750e+02
2.909813300238715215e+02
5.835563235812717267e+02
6.058061048719618213e+01
1.210836113823784785e+02
2.851044616699218750e+02
5.538435516357421875e+02
1.240739610460069464e+01
3.088030666775173572e+01
6.302609083387586963e+01
1.185640563964843750e+02
2.138836161295573035e+01
3.518231031629774463e+01
6.869373914930555713e+01
2.567198571099175410e+02
2.049337768554687500e+01
4.145390828450521070e+01
9.763773769802517677e+01
3.356685604519313983e+02
6.404430474175347854e+01
1.263316040039062500e+02
2.611945699055989394e+02
5.169172431098090783e+02
6.913904486762152146e+01
1.238301730685763857e+02
2.574915669759114394e+02
4.568629336886936017e+02
6.372464497884114820e+01
1.276016048855251768e+02
2.467103661431206660e+02
5.303554280598958712e+02
1.393922254774305536e+01
3.200153605143228930e+01
4.309393141004774463e+01
6.787629360622830177e+01
1.378037261962890625e+02
1.371082865397135322e+02
1.549872419569227304e+02
1.597712249755859375e+02
9.991093783908419823e+01
3.961040072970920392e+02
8.987960764567056913e+02
1.480595965915256102e+03
6.710474819607205177e+01
1.100934499104817661e+02
3.104259999593098769e+02
4.400296817355686017e+02
6.295934041341146070e+01
1.259377475314670107e+02
2.467789238823784785e+02
4.836704745822482892e+02
6.009998575846353930e+01
1.207909105088975679e+02
2.362161492241753535e+02
4.587208523220485858e+02
6.298515319824218750e+01
1.253131035698784785e+02
2.474042629665798643e+02
4.833808865017360858e+02
6.392236328125000000e+01
1.304561496310763857e+02
2.579436374240451642e+02
5.096610955132378535e+02
6.388266669379340357e+01
1.977473229302300410e+02
6.015553300645616446e+02
1.808789913601345461e+03
9.167493184407551610e+01
1.822240024142795107e+02
3.623739997016058965e+02
7.221668735080295392e+02
6.182365247938368213e+01
1.269422539605034785e+02
2.728815782335069571e+02
5.144366217719184533e+02
9.307497660319010890e+01
2.398168385823567803e+02
4.840121341281467267e+02
8.209154120551215783e+02
4.800909593370225537e+01
1.124657965766058965e+02
3.127730984157985858e+02
8.795024566650390625e+02
6.770977783203125000e+01
1.571963534884982607e+02
3.650045013427734375e+02
6.488964928521049842e+02
6.480433146158854640e+01
1.271105007595486143e+02
2.541871354844835196e+02
5.128770633273654767e+02
6.054245334201388573e+01
1.262096710205078125e+02
2.469797888861762090e+02
6.311019795735677462e+02
5.354631720648871607e+01
1.325434451633029482e+02
2.454806399875216982e+02
5.378884345160590783e+02
1.156052483452691035e+02
2.468144599066840215e+02
3.844583774142795392e+02
6.168516286214193087e+02
4.462072296142578125e+02
3.104548814561632071e+02
2.317436557345920107e+02
2.084343058268229072e+02
9.885115051269531250e+01
3.796515791151258554e+02
8.844376237657335196e+02
1.347090338812934078e+03
9.870207722981770360e+01
1.935367821587456660e+02
3.960468410915798358e+02
7.758776499430338163e+02
6.197919040256076073e+01
1.252788645426432339e+02
2.481599748399522696e+02
4.955231374104817519e+02
5.996911112467447680e+01
1.214272359212239536e+02
2.414320933024088447e+02
4.787307434082031250e+02
6.217040506998697680e+01
1.250994008382161411e+02
2.476577521430121465e+02
4.928787723117404767e+02
6.347337680392794823e+01
1.284929453531900947e+02
2.659214935302734375e+02
4.915990329318576642e+02
6.301293097601996607e+01
1.978845469156900947e+02
6.214765319824218750e+02
1.936659907023112055e+03
7.733460320366754104e+01
1.590253634982638857e+02
3.106936289469401231e+02
6.217313893636068087e+02
6.548519219292535354e+01
1.197301720513237910e+02
2.390076141357421875e+02
4.791265869140625000e+02
8.076472134060330177e+01
1.949376559787326357e+02
3.451244354248046875e+02
5.191921098497178946e+02
5.207133992513021070e+01
1.157665049235026089e+02
2.533550025092230840e+02
5.955197024875217267e+02
5.431549919976128393e+01
1.190586107042100679e+02
2.630276862250433965e+02
4.961149885389539804e+02
6.384488423665364820e+01
1.264461771647135464e+02
2.564841986762152715e+02
5.100976850721571054e+02
7.520940314398870896e+01
1.334815368652343750e+02
2.355871819390191035e+02
5.110829705132378535e+02
5.582236735026041430e+01
1.200364176432291714e+02
2.604466688368055429e+02
5.306918674045139142e+02
8.219994269476995896e+01
1.711372239854600821e+02
2.356378936767578125e+02
3.382085503472222285e+02
2.783309800889757071e+02
2.239637620713975821e+02
2.056696489122178946e+02
1.923121270073784785e+02
9.407817586263020360e+01
3.986840311686198106e+02
8.218611704508463163e+02
1.572844731648762945e+03
1.000383453369140625e+02
2.299155714246961679e+02
4.158581729465061017e+02
9.193432583279079608e+02
6.391591050889756787e+01
1.290056338840060732e+02
2.556038597954644160e+02
5.093455708821614394e+02
6.107228427463107323e+01
1.227119140625000000e+02
2.421609429253472285e+02
4.818605295817057481e+02
6.398306443956163037e+01
1.285998416476779482e+02
2.560905710856119981e+02
5.077760823567708144e+02
6.705376688639323390e+01
1.318978847927517393e+02
2.688110317654079608e+02
5.181300082736545392e+02
6.482986619737413037e+01
2.037008463541666572e+02
6.397202606201171875e+02
2.001802442762586907e+03
6.950458102756076073e+01
1.388891855875650947e+02
2.831083204481336679e+02
5.557087588840061017e+02
6.041648695203993213e+01
1.276798790825737910e+02
2.766003977457682481e+02
4.650823703342014142e+02
2.375880093044704822e+01
6.429524570041232323e+01
1.547903900146484375e+02
3.527381235758463731e+02
2.155930074055989465e+01
4.657109917534722143e+01
1.133361816406250000e+02
3.523894907633463731e+02
2.706338161892361072e+01
5.949195692274305713e+01
1.590176205105251768e+02
3.368762190077039804e+02
6.555235460069444287e+01
1.271162567138671875e+02
2.566316053602430429e+02
5.246776173909505587e+02
5.521012708875868213e+01
1.291322258843316035e+02
2.742373097737630019e+02
5.161995239257812500e+02
6.607231309678819287e+01
1.258380143907335054e+02
2.559999932183159785e+02
4.888379313151041856e+02
4.252798800998263573e+01
9.053373887803819287e+01
1.443197614881727304e+02
2.032091200086805429e+02
2.390594363742404482e+02
2.055973086886935732e+02
1.951805945502387090e+02
1.695096791585286553e+02
9.983321804470486427e+01
3.936059739854600821e+02
8.965765346950954608e+02
1.505174674140082516e+03
7.364789157443576073e+01
1.255837368435329893e+02
3.153068542480468750e+02
5.021011827256944571e+02
6.249530877007378393e+01
1.257623901367187500e+02
2.490952046712239678e+02
4.924085778130425410e+02
5.996251593695746607e+01
1.208642595079210054e+02
2.390214470757378535e+02
4.762279815673828125e+02
6.196989101833767677e+01
1.251961839463975679e+02
2.496543986002604072e+02
4.942573310004340215e+02
6.237812974717881787e+01
1.256737891303168340e+02
2.509543626573350821e+02
4.936381157769097285e+02
6.327378845214843750e+01
1.981887223985460196e+02
6.175493164062500000e+02
1.899827867296006843e+03
7.820031399197048927e+01
1.645688629150390625e+02
3.274265458848741446e+02
6.591765170627170392e+02
6.367456563313802320e+01
1.256253255208333286e+02
2.397874925401475821e+02
4.647814805772569571e+02
1.348653021918402715e+02
3.427135687934027715e+02
6.474198794894748517e+02
1.038827745225694343e+03
4.842401462131076073e+01
1.044026184082031250e+02
2.590700683593750000e+02
7.587646535237630587e+02
6.125136990017361427e+01
1.462035386827257071e+02
3.400843980577257071e+02
5.948418833414713163e+02
6.356391737196180713e+01
1.321418880886501768e+02
2.562963138156467267e+02
5.204794209798177462e+02
5.010850185818142677e+01
1.401420288085937500e+02
2.605694868299696054e+02
4.404020826551649179e+02
7.316630045572917140e+01
1.354519907633463447e+02
2.386767272949218750e+02
5.162684054904514142e+02
1.402182735866970518e+02
3.093195292154948106e+02
3.950564965142144160e+02
6.540001475016275663e+02
4.828015950520833144e+02
3.258704342312282733e+02
2.515219150119357607e+02
2.166474999321831660e+02
9.488670688205294823e+01
3.991601477728949590e+02
8.213493228488498517e+02
1.561977261013454836e+03
1.136490207248263857e+02
2.582869279649522696e+02
4.366625027126735858e+02
1.028473515828450445e+03
6.394438510470919823e+01
1.300132090250650947e+02
2.586435648600260606e+02
5.170042605929904767e+02
6.161722479926215357e+01
1.243755154079861143e+02
2.489258083767361143e+02
4.975336490207248517e+02
6.400312805175781250e+01
1.289139828152126768e+02
2.581891920301649179e+02
5.166140560574001483e+02
6.564170328776042140e+01
1.303183203803168340e+02
2.573651597764757071e+02
4.924194912380642108e+02
6.501829189724392677e+01
2.056660461425781250e+02
6.513762766520181913e+02
2.035085325453016594e+03
6.759413146972656250e+01
1.327396138509114678e+02
2.668192528618706660e+02
5.327302534315321054e+02
6.117895168728298927e+01
1.115448269314236143e+02
2.426318003336588447e+02
4.505275997585720233e+02
3.214106580946180713e+01
8.500313313802082860e+01
1.841777835422091982e+02
3.535046115451389142e+02
2.437644788953993213e+01
4.919240654839409643e+01
1.081075236002604214e+02
3.139716508653428946e+02
2.847795274522569287e+01
6.152567376030815893e+01
1.563965437147352304e+02
3.005536651611328125e+02
6.383248392740885180e+01
1.269694959852430571e+02
2.599377407497829608e+02
5.161021999782985858e+02
4.655148654513888573e+01
1.388268127441406250e+02
2.637702924940321054e+02
5.038354085286458144e+02
6.433931647406683396e+01
1.333378465440538321e+02
2.407224426269531250e+02
5.470817701551649179e+02
5.131000942654080177e+01
1.112266998291015625e+02
1.517773844401041572e+02
2.339840443929036553e+02
2.880784522162543340e+02
2.250114813910590215e+02
2.041633114284939268e+02
1.829959292941623232e+02
9.984351264105902146e+01
3.986906263563367929e+02
8.960994466145833712e+02
1.571776404486762203e+03
9.015603976779513573e+01
1.468884124755859375e+02
4.055111253526475821e+02
5.871270667182075158e+02
6.346738518608940893e+01
1.288440856933593750e+02
2.557891642252604072e+02
5.125745239257812500e+02
6.099790445963541430e+01
1.244994405110677036e+02
2.466515723334418340e+02
4.938090413411458144e+02
6.366069539388021070e+01
1.283248613145616446e+02
2.569485694037543340e+02
5.126705491807725821e+02
6.075017293294271070e+01
1.191265496148003535e+02
2.364254150390625000e+02
4.601308932834201642e+02
6.457282850477430713e+01
2.039598083496093750e+02
6.472885843912760038e+02
2.065188374837239735e+03
6.413545396592881787e+01
1.281125979953341982e+02
2.562445492214626483e+02
5.055179426405164804e+02
6.119615681966146070e+01
1.214345601399739536e+02
2.527578854031033018e+02
4.801262681749132071e+02
2.803302849663628393e+01
7.250063917371961963e+01
1.478053131103515625e+02
2.630578460693359375e+02
2.494085184733073035e+01
5.199979315863715357e+01
1.192616000705295107e+02
3.057637769911024179e+02
2.613947719997829822e+01
5.677650112575955177e+01
1.432451510959201357e+02
2.759594133165147696e+02
6.484305487738714646e+01
1.272756415473090215e+02
2.613735080295139142e+02
5.173488871256510038e+02
4.696333991156684107e+01
1.310082482231987910e+02
2.713400946723090215e+02
5.368910369873046875e+02
6.452439541286892677e+01
1.257328864203558965e+02
2.410115678575303946e+02
6.139779747856987342e+02
5.920957438151041430e+01
1.173235202365451357e+02
1.671073659261067803e+02
2.133461439344617929e+02
2.649028642442491446e+02
2.246099700927734375e+02
2.085014801025390625e+02
1.766083441840277715e+02
9.849106852213542140e+01
3.989236823187933965e+02
8.823932851155599337e+02
1.563996704101562500e+03
6.719980536566839646e+01
1.247620781792534785e+02
2.796140865749782733e+02
5.006316511366102304e+02
6.299766540527343750e+01
1.263144649929470518e+02
2.477095777723524179e+02
4.866328091091579608e+02
5.987654791937934107e+01
1.199357791476779482e+02
2.349141235351562500e+02
4.603613349066840215e+02
6.334301927354600537e+01
1.256871337890625000e+02
2.491655256483289804e+02
4.854075707329644160e+02
6.104294162326388573e+01
1.226672024197048643e+02
2.433843977186414804e+02
4.776146952311198106e+02
6.398868136935763573e+01
1.978116387261284785e+02
6.069364420572916288e+02
1.863373567369249031e+03
8.233926561143663037e+01
1.696000179714626768e+02
3.409549577501085196e+02
6.809446546766492929e+02
6.447164747450086963e+01
1.310362531873914804e+02
2.634450514051649179e+02
5.280430976019965783e+02
5.867240736219618213e+01
1.419168853759765625e+02
2.607675238715277715e+02
4.133420681423610858e+02
4.287637159559461963e+01
9.139401414659288037e+01
2.108890923394097285e+02
5.732166646321614962e+02
4.776995340983072680e+01
1.030521189371744839e+02
2.300709669325086679e+02
4.517779812282985858e+02
6.360893758138021070e+01
1.306701168484158018e+02
2.519986538357204893e+02
5.039806722005208144e+02
4.013170539008246607e+01
1.351407555474175410e+02
2.622385016547308965e+02
5.160093197292751483e+02
7.257382202148437500e+01
1.244794006347656250e+02
2.759680006239149179e+02
4.776955261230468750e+02
9.775111728244357323e+01
1.612728068033854072e+02
2.446024322509765625e+02
3.209984944661458144e+02
2.947829199896918340e+02
2.186222754584418340e+02
1.986547275119357607e+02
1.847147928873697822e+02
9.980637953016493213e+01
3.735562218560112910e+02
8.963796573215061017e+02
1.334876942952473883e+03
7.931450568305120896e+01
1.424253200954861143e+02
3.204365488688151231e+02
5.679321797688802462e+02
6.334447903103298927e+01
1.283236592610677178e+02
2.559856262207031250e+02
5.082323540581597285e+02
6.115762668185763573e+01
1.238352152506510464e+02
2.455434705946180429e+02
4.903009253607855840e+02
6.327660624186197680e+01
1.281293351915147696e+02
2.567169613308376483e+02
5.063902418348524179e+02
6.389965142144097143e+01
1.263911166720920107e+02
2.483025885687933965e+02
4.714965413411458144e+02
6.431205240885417140e+01
2.027921108669704893e+02
6.369079505072700158e+02
1.942706042819552977e+03
7.566652594672308396e+01
1.542200012207031250e+02
3.035673217773437500e+02
6.076557176378038321e+02
6.218831041124131787e+01
1.301138576931423643e+02
2.474690619574652715e+02
4.913266143798828125e+02
3.177235921223958215e+01
7.982747056749131787e+01
1.566128387451171875e+02
2.838420817057291856e+02
2.720870802137586963e+01
4.916310289171006787e+01
9.873231845431857323e+01
3.146144697401258554e+02
2.546655782063801965e+01
5.404970635308159643e+01
1.366257019042968750e+02
3.025113372802734375e+02
6.473699951171875000e+01
1.303180253770616446e+02
2.471774342854817803e+02
5.066059807671441035e+02
4.042484198676215357e+01
1.328000166151258554e+02
2.721054161919487910e+02
4.994438849555121465e+02
5.840198092990451073e+01
1.293029768202039804e+02
2.565962354871961679e+02
5.697047305636936017e+02
3.670023091634114820e+01
8.596963500976562500e+01
1.110995212131076357e+02
1.821628875732421875e+02
2.989838138156467267e+02
2.248707444932725821e+02
2.041771121554904482e+02
1.915322825113932197e+02
9.768175591362847854e+01
3.998523101806640625e+02
8.645104488796657733e+02
1.591525524563259523e+03
9.964454650878906250e+01
1.730528462727864678e+02
4.449507344563801894e+02
6.905606842041015625e+02
6.311331346299913037e+01
1.277315114339192661e+02
2.545324435763888857e+02
5.025283457438151231e+02
6.084809875488281250e+01
1.222648213704427036e+02
2.412735358344183965e+02
4.746717156304253535e+02
6.297391086154513573e+01
1.279922637939453125e+02
2.534110734727647696e+02
4.998952568901909785e+02
6.045629204644097143e+01
1.227071804470486143e+02
2.405411987304687500e+02
4.939343346489800410e+02
6.414737277560763573e+01
2.016584048800998232e+02
6.285281185574001483e+02
1.922191826714409672e+03
7.819501580132379104e+01
1.601234927707248232e+02
3.140236748589409785e+02
6.348779958089193087e+02
6.221033901638455177e+01
1.215427873399522554e+02
2.438480716281466982e+02
5.179141608344184533e+02
1.553506944444444571e+02
3.502991519504123517e+02
5.822411227756076642e+02
8.172120886908637658e+02
8.528693474663629104e+01
1.950702362060546875e+02
4.246859317355686017e+02
8.848576321072048358e+02
1.004491204155816035e+02
2.214367150200737910e+02
4.226983981662326642e+02
7.204580451117622033e+02
6.358301120334201073e+01
1.270408393012152715e+02
2.575354580349392108e+02
5.071292877197265625e+02
6.719486321343316604e+01
1.362468210856119697e+02
2.225292222764757071e+02
5.509007653130424842e+02
5.885463799370659643e+01
1.347034098307291572e+02
2.811585388183593750e+02
5.460339084201389142e+02
1.866996341281466982e+02
3.501568010118272696e+02
4.343249308268229356e+02
6.166918318006727304e+02
2.953042551676432481e+02
2.269100969102647696e+02
1.987373335096571054e+02
1.815834079318576357e+02
9.750881958007812500e+01
3.968280944824218750e+02
8.684099646674262658e+02
1.527166815863715328e+03
8.668911743164062500e+01
1.870433366563585196e+02
3.612057800292968750e+02
7.478454776340061017e+02
6.374030558268228930e+01
1.288672197129991446e+02
2.550920800103081660e+02
5.025566948784722285e+02
6.089500766330294823e+01
1.224927775065104214e+02
2.417962459988064268e+02
4.750162200927734375e+02
6.332003106011284643e+01
1.283209974500867929e+02
2.543007371690538321e+02
5.011061028374566035e+02
6.284942118326822680e+01
1.262623426649305571e+02
2.515830400254991446e+02
4.929956936306423358e+02
6.475996398925781250e+01
2.030774943033854072e+02
6.274620429144965783e+02
1.910697455512152828e+03
8.015004306369357323e+01
1.582118971082899179e+02
3.146061401367187500e+02
6.342232004801431913e+02
6.096715630425347143e+01
1.244123162163628535e+02
2.546305440266927178e+02
5.580241868760850821e+02
5.490971204969618213e+01
1.373797098795572822e+02
2.724588029649522696e+02
4.655563015407985858e+02
5.052672322591146070e+01
1.054047275119357607e+02
2.275380791558159785e+02
5.629863484700521212e+02
6.824939812554254104e+01
1.373627997504340215e+02
2.930884908040364394e+02
5.321211734347873517e+02
6.513069661458332860e+01
1.310299530029296875e+02
2.575634799533420392e+02
5.204760996500650663e+02
6.276101006401909643e+01
1.448748219807942803e+02
2.483659888373480840e+02
4.994329884847005019e+02
5.893777974446614820e+01
1.331924726698133554e+02
2.681834123399522696e+02
4.459318712022569571e+02
9.336161295572917140e+01
1.937465718587239678e+02
2.851909925672742929e+02
4.291818610297308965e+02
3.033609653049045392e+02
2.308390333387586679e+02
1.978895484076605840e+02
1.850828755696614678e+02
9.971179368760850537e+01
3.941761101616753535e+02
8.918363817003038321e+02
1.482639214409722172e+03
1.154061075846354214e+02
1.955749070909288321e+02
4.722679324679904767e+02
7.815527801513671875e+02
6.121974690755208570e+01
1.224366082085503535e+02
2.396466979980468750e+02
4.652144978841145644e+02
5.944469875759548927e+01
1.182819196912977446e+02
2.299777662489149179e+02
4.430960150824652715e+02
6.120810275607638573e+01
1.230305413140191035e+02
2.405276828342013857e+02
4.669145524766710196e+02
6.455275980631510890e+01
1.258182796902126768e+02
2.427078111436632071e+02
4.516325276692708144e+02
6.226539272732205177e+01
1.921443583170572822e+02
5.748451199001735858e+02
1.682984812418619867e+03
1.021784786648220518e+02
2.105984530978732607e+02
4.173175777859157733e+02
8.352552710639106408e+02
6.762550862630207860e+01
1.094991963704427036e+02
2.454296552870008554e+02
6.016371934678819571e+02
2.412590196397569287e+01
5.880472649468315893e+01
1.178726603190104214e+02
2.241901804606119697e+02
2.508945210774739465e+01
4.806365797254774463e+01
1.160496181911892393e+02
5.160119510226779767e+02
2.788001844618055713e+01
5.489361572265625000e+01
1.272804497612847285e+02
2.977391272650824590e+02
6.412480163574218750e+01
1.277559882269965215e+02
2.575370652940538321e+02
5.266926066080728788e+02
6.679518296983506787e+01
1.435375739203558965e+02
2.561591373019748517e+02
4.769504208034938983e+02
6.529959106445312500e+01
1.283769429524739678e+02
2.602773454454210196e+02
5.054725952148437500e+02
3.381340874565972143e+01
6.918737453884548927e+01
8.657551574707031250e+01
1.304505038791232607e+02
3.075915103488498517e+02
2.591567620171441035e+02
2.549040713840060732e+02
2.039475826687283018e+02
9.413443501790364110e+01
3.817304178873698106e+02
8.247994995117187500e+02
1.358734393649631102e+03
8.026838514539930713e+01
2.888164282904730840e+02
2.942113511827257071e+02
1.145972486707899407e+03
6.381386990017361427e+01
1.294521603054470518e+02
2.579450514051649179e+02
5.177657436794704608e+02
6.135848999023437500e+01
1.240885009765625000e+02
2.478494754367404482e+02
4.976531711154514142e+02
6.380902608235677320e+01
1.298271569146050410e+02
2.580165913899739394e+02
5.210885993109809533e+02
6.340563964843750000e+01
1.279799465603298643e+02
2.541474253336588447e+02
4.910273267957899179e+02
6.490137057834201073e+01
2.051175876193576357e+02
6.526506279839409217e+02
2.081345223320854984e+03
6.351988728841146070e+01
1.220241851806640625e+02
2.478476376003689268e+02
4.901552581787109375e+02
6.086786905924478930e+01
1.254427998860677036e+02
2.716664360894097285e+02
4.896501973470051894e+02
2.586645507812500000e+01
6.162568495008680713e+01
1.080018090142144160e+02
1.654263559977213447e+02
2.898555840386284643e+01
5.449354892306857323e+01
1.019252556694878535e+02
2.267699839274088447e+02
2.534443495008680713e+01
5.316581217447916430e+01
1.327910936143663321e+02
2.510425889756944571e+02
6.380596076117621607e+01
1.303531765407986143e+02
2.642367350260416856e+02
5.144436696370443087e+02
4.430237494574652857e+01
1.356648610432942803e+02
2.576189473470051894e+02
4.265578528510199590e+02
6.566969299316406250e+01
1.294699452718099053e+02
2.585703820122612910e+02
5.685198652479383554e+02
3.053744676378038037e+01
5.306530422634548927e+01
7.719488016764323390e+01
1.075627593994140625e+02
1.460279998779296875e+02
1.495656077067057197e+02
1.650912289089626768e+02
1.672267981635199590e+02
9.940095011393229640e+01
3.994304470486110858e+02
8.876670939127603788e+02
1.586762149386935789e+03
5.686906772189669823e+01
1.018975965711805571e+02
2.463945278591579893e+02
4.072860310872395644e+02
6.243153720431857323e+01
1.243457234700520786e+02
2.411347452799479072e+02
4.742528194851345233e+02
5.969184366861978930e+01
1.183066474066840215e+02
2.312869906955295107e+02
4.521769222683376483e+02
6.268861558702256787e+01
1.251155480278862910e+02
2.414516313340928946e+02
4.735447794596354356e+02
6.092771572536892677e+01
1.212758009168836821e+02
2.380946587456597285e+02
4.523045671251085196e+02
6.355974494086371607e+01
1.936518249511718750e+02
5.931297234429252967e+02
1.832261798434787352e+03
9.025293307834201073e+01
1.832055172390408018e+02
3.554312320285373517e+02
7.107017466227213163e+02
6.907663642035589646e+01
1.425155961778428946e+02
2.599206254747178946e+02
3.734633789062500000e+02
2.811979336208767322e+01
6.908229912651910354e+01
1.371311560736762090e+02
2.408263651529947822e+02
2.581172180175781250e+01
5.420091586642794823e+01
1.452581888834635322e+02
5.018560689290364394e+02
2.608918423122829822e+01
5.735185072157118213e+01
1.415229000515408018e+02
2.637164391411675410e+02
6.405307854546441604e+01
1.287596113416883554e+02
2.615604688856336679e+02
5.176081915961372033e+02
5.463015577528211963e+01
1.320136684841579893e+02
2.425493096245659785e+02
5.098078664143880019e+02
6.700458102756076073e+01
1.321029290093316035e+02
2.688039940728081660e+02
4.325429060194227304e+02
6.794221835666232323e+01
1.076174604627821196e+02
1.083348880343966982e+02
2.146997087266710196e+02
2.336513502332899179e+02
1.845474785698784785e+02
1.827015431722005303e+02
1.831338094075520928e+02
9.988371955023870896e+01
3.562603217230902715e+02
8.986893090142143592e+02
1.242653101603190180e+03
9.349910142686631787e+01
1.626385158962673643e+02
3.687427605523003535e+02
6.508912641737196054e+02
6.305081176757812500e+01
1.269942423502604214e+02
2.492708808051215215e+02
4.886190456814235858e+02
6.018070983886718750e+01
1.204774831136067661e+02
2.346292690700954893e+02
4.553157212999132071e+02
6.310832892523871607e+01
1.271670464409722285e+02
2.498824208577474053e+02
4.877269321017795392e+02
6.515740966796875000e+01
1.297576293945312500e+02
2.555716603597005303e+02
4.946624230278862910e+02
6.412868075900607323e+01
1.992326694064670107e+02
6.074554053412543908e+02
1.793969545152452156e+03
9.260215420193142677e+01
1.846793535020616446e+02
3.680872667100694571e+02
7.391274024115668908e+02
6.200185987684461963e+01
1.372028995090060732e+02
2.345673489040798643e+02
4.926365525987413321e+02
5.906030442979600537e+01
1.439504818386501768e+02
2.779424506293402715e+02
4.546904958089192519e+02
4.799056328667534643e+01
1.046722632514105840e+02
2.377439032660590215e+02
6.406397450764974337e+02
5.357810295952690893e+01
1.147393358018663179e+02
2.531128302680121465e+02
4.367601640489366446e+02
6.491798231336805713e+01
1.260458526611328125e+02
2.585140889485676894e+02
5.226958821614583712e+02
4.899945237901475537e+01
1.384028303358289804e+02
2.539398074679904482e+02
5.237653537326389142e+02
8.441019863552517677e+01
1.315720808241102304e+02
2.601601782904730840e+02
5.085719502766926894e+02
8.944400363498263573e+01
1.731924608018663321e+02
2.248912641737196054e+02
3.709988538953992929e+02
3.411813269721137090e+02
2.757071041531032733e+02
2.462436116536458428e+02
2.016014421251085196e+02
9.875027974446614110e+01
3.851027696397569571e+02
8.863173404269748517e+02
1.391825122409396727e+03
6.035082668728298927e+01
1.291533118353949590e+02
2.542283206515841982e+02
5.162427300347221717e+02
6.356112331814236427e+01
1.283865119086371465e+02
2.540898081461588447e+02
5.062363705105251483e+02
6.088282436794705177e+01
1.228941921657986143e+02
2.426545410156250000e+02
4.807106323242187500e+02
6.326944478352864820e+01
1.284819793701171875e+02
2.546192847357855840e+02
5.037998046875000000e+02
7.673112318250868213e+01
1.513313090006510322e+02
2.554970347086588447e+02
5.686057315402561017e+02
6.448142835828993213e+01
2.022307332356770928e+02
6.319447394476997033e+02
1.968075439453125000e+03
7.398650614420573390e+01
1.478935241699218750e+02
2.903572794596354356e+02
5.878013322618272696e+02
6.359726291232638573e+01
1.209220004611545107e+02
2.467626902262369697e+02
5.052492116292317519e+02
7.902902221679687500e+01
2.101309356689453125e+02
4.277733476426866446e+02
7.136300676133897696e+02
3.466869778103298927e+01
6.611138068305120896e+01
1.449956529405382071e+02
4.343032565646701642e+02
3.863741895887586963e+01
8.802567545572917140e+01
2.178578389485677178e+02
4.479353722466362910e+02
6.494619581434461963e+01
1.295432993570963447e+02
2.594534878200954608e+02
5.125788896348741446e+02
7.276090833875868213e+01
1.144354773627387090e+02
2.362244771321614678e+02
4.759900750054253535e+02
4.492459615071614820e+01
1.257552252875433965e+02
2.521280721028645928e+02
4.684475216335720233e+02
6.796946885850694287e+01
1.309562394883897696e+02
1.982624020046658018e+02
3.016087426079644160e+02
3.398611670600043340e+02
2.517574378119574590e+02
1.976693878173828125e+02
1.761920555962456660e+02
9.867178005642361427e+01
3.972030164930555429e+02
8.673821156819661837e+02
1.546326117621527828e+03
1.060457763671875000e+02
1.972577565511067803e+02
4.090599161783854356e+02
7.881446414523654767e+02
5.267787170410156250e+01
1.051034461127387090e+02
2.052236650254991446e+02
3.980882890489366446e+02
5.246060519748263573e+01
1.045533396402994839e+02
2.019834781222873232e+02
3.929865587022569571e+02
5.277287122938368213e+01
1.049263966878255161e+02
2.060859985351562500e+02
3.977795698377821054e+02
6.581775750054254104e+01
1.291664123535156250e+02
2.486073252360025947e+02
4.656694318983289804e+02
5.338859219021267677e+01
1.637270287407769160e+02
4.955638478597005019e+02
1.514054611206054688e+03
1.244164547390408018e+02
2.550105556911892393e+02
5.148511369493272696e+02
1.022476167466905395e+03
8.594897460937500000e+01
9.024568176269531250e+01
1.628295101589626768e+02
5.224652421739366446e+02
4.353647359212239820e+01
1.104297281901041714e+02
2.236477033827039804e+02
4.134370591905382071e+02
2.611961364746093750e+01
6.322064378526475537e+01
2.090806511773003535e+02
8.557498609754774179e+02
2.649417114257812500e+01
5.785075547960069287e+01
1.408574523925781250e+02
2.792004462348090215e+02
6.410000949435763573e+01
1.271462114122178804e+02
2.609269782172308965e+02
5.185735321044921875e+02
4.481441921657986427e+01
1.146410335964626768e+02
2.318369971381293340e+02
5.337171223958333712e+02
6.337289767795138573e+01
1.292646280924479072e+02
3.054775780571831660e+02
4.767852020263671875e+02
7.516256374782986427e+01
1.369312184651692803e+02
1.760500776502821054e+02
2.780162472195095233e+02
4.246980862087673358e+02
3.193499416775173358e+02
2.536224941677517393e+02
2.081597459581163321e+02
6.594203864203558396e+01
3.915884687635633554e+02
5.339074062771267108e+02
1.496695210774739508e+03
1.695714738633897696e+02
4.821695387098524179e+02
5.660937483045789804e+02
1.928115139431423586e+03
6.335194736056857323e+01
1.284978264702691035e+02
2.561668989393446054e+02
5.096819932725694571e+02
6.091785007052951073e+01
1.235087127685546875e+02
2.461708051893446054e+02
4.887847951253255019e+02
6.386741129557291430e+01
1.278552636040581660e+02
2.545899030897352304e+02
5.129632941351997033e+02
6.559583028157551610e+01
1.313660176595052178e+02
2.655963100857204608e+02
5.097039727105034785e+02
6.442569139268663037e+01
2.033939954969617929e+02
6.430215776231553946e+02
2.031479651557074703e+03
6.580703057183160354e+01
1.318724466959635322e+02
2.706294369167751483e+02
5.377828318277994413e+02
6.304586622450086963e+01
1.129941948784722285e+02
2.443292744954427178e+02
4.248049384223090215e+02
6.438020663791232323e+01
1.579227159288194571e+02
2.943658430311414804e+02
4.737791273328992929e+02
4.308787536621093750e+01
9.379245503743489110e+01
2.097213541666666572e+02
4.815251464843750000e+02
4.894302537706163037e+01
1.030380961100260464e+02
2.296432172987196054e+02
5.057534332275390625e+02
6.402837287055120896e+01
1.281524454752604072e+02
2.554537896050347285e+02
5.203207617865668908e+02
6.234747314453125000e+01
1.210781300862630161e+02
2.614680023193359375e+02
5.345227322048610858e+02
6.563877020941839646e+01
1.253986714680989536e+02
2.770200822618272696e+02
5.093052910698784785e+02
9.382905578613281250e+01
1.730924546983507071e+02
2.575092892116970233e+02
3.881949123806423358e+02
2.914256354437933965e+02
2.236565823025173643e+02
1.934130045572916572e+02
1.857787662082248232e+02
9.806164211697048927e+01
3.986241455078125000e+02
8.795438215467664804e+02
1.556743135240342781e+03
7.558000183105468750e+01
1.451869405110677178e+02
3.325399407280816035e+02
5.805475514729818087e+02
6.327188618977864820e+01
1.279280598958333286e+02
2.559793429904513857e+02
5.122516733805338163e+02
6.075184122721353930e+01
1.232979380289713589e+02
2.452846849229600821e+02
4.870139889187282733e+02
6.301941426595052320e+01
1.283844740125867929e+02
2.557102915445963447e+02
5.120805206298828125e+02
6.224357774522569287e+01
1.266062316894531250e+02
2.525666927761501768e+02
4.909667239718967267e+02
6.427547878689236427e+01
2.031801011827257071e+02
6.416330295138889142e+02
1.988830691867404539e+03
7.128381008572048927e+01
1.463431396484375000e+02
2.871757914225260606e+02
5.776232621934678946e+02
6.086755540635850537e+01
1.154008602566189268e+02
2.058851267496744697e+02
4.473282250298394160e+02
4.610547214084201073e+01
1.125724639892578125e+02
2.098328280978732607e+02
3.346477389865451642e+02
4.269121127658419823e+01
8.186052619086370896e+01
1.560223795572916572e+02
3.851804148356119981e+02
4.724523586697048927e+01
9.294203694661457860e+01
2.011974521213107607e+02
3.921952565511067519e+02
6.484913635253906250e+01
1.276748063829210054e+02
2.595290222167968750e+02
5.152310977511936017e+02
5.841081746419271070e+01
1.141356404622395786e+02
2.698155229356553946e+02
5.519762861463758554e+02
6.488835144042968750e+01
1.275427381727430571e+02
2.569271308051215215e+02
5.635589701334635038e+02
5.692322116427951073e+01
1.075361345079210054e+02
1.776843770345052178e+02
2.367350090874566035e+02
2.133767768012152715e+02
1.859052259657117929e+02
1.866994272867838447e+02
1.727136518690321054e+02
9.742457750108506787e+01
3.994494238959418340e+02
8.716496497260200158e+02
1.581199391682942633e+03
8.394408840603298927e+01
1.695675523546007071e+02
3.878330400254991446e+02
6.779898461235893592e+02
6.301759338378906250e+01
1.272293158637152715e+02
2.534162936740451357e+02
5.005850355360242929e+02
6.043666585286458570e+01
1.217653181287977446e+02
2.391432037353515625e+02
4.708144497341579608e+02
6.320546129014756787e+01
1.267468058268229214e+02
2.538792741563585196e+02
5.001264750162760606e+02
6.746465894911024463e+01
1.304536827935112910e+02
2.471221754286024179e+02
4.451574079725477304e+02
6.393776109483506787e+01
2.010979529486762090e+02
6.269366963704427462e+02
1.914697699652777828e+03
7.968748643663194287e+01
1.575367787679036553e+02
3.181947699652777715e+02
6.347171003553602304e+02
6.493473137749566604e+01
1.206000094943576357e+02
2.400951131184895928e+02
4.756620246039496465e+02
2.080555386013454822e+01
5.660112677680121607e+01
1.269762285020616304e+02
2.380861002604166572e+02
1.793685065375434107e+01
3.570148213704427320e+01
8.400194125705294823e+01
3.439069875081380019e+02
2.057998148600260535e+01
4.569758097330728930e+01
1.267726864284939268e+02
3.008999922010633554e+02
6.553836907280816604e+01
1.279150305853949590e+02
2.580069478352864394e+02
5.064609561496311017e+02
7.129091220431857323e+01
1.235191040039062500e+02
2.663575541178385606e+02
5.337857004801431913e+02
6.550582885742187500e+01
1.301330939398871465e+02
2.633472408718532733e+02
3.831739468044704608e+02
3.761732821994357323e+01
5.782953050401475537e+01
1.104568023681640625e+02
1.622464870876736143e+02
3.807041168212890625e+02
2.712815704345703125e+02
2.096480068630642393e+02
1.768667144775390625e+02
9.779676310221354640e+01
3.945399254692925410e+02
8.611317765977647696e+02
1.551767868041992188e+03
1.186833631727430571e+02
2.355929887559678946e+02
4.910576968722873517e+02
9.422884809705946054e+02
6.361860487196180713e+01
1.295426550971137090e+02
2.582115681966145644e+02
5.187479909261068087e+02
6.132626681857638573e+01
1.239464077419704893e+02
2.477575158013237910e+02
4.944278394911024179e+02
6.400547451443142677e+01
1.294975891113281250e+02
2.565529039171007071e+02
5.180532938639322538e+02
6.351231214735243213e+01
1.258546871609158018e+02
2.500475209554036553e+02
4.799249708387586679e+02
6.469483947753906250e+01
2.048853997124566035e+02
6.514288211398654767e+02
2.036709849039713617e+03
6.685722351074218750e+01
1.329558224148220518e+02
2.682278561062282733e+02
5.389856703016492929e+02
6.199448310004340357e+01
1.359365912543402715e+02
2.328524000379774179e+02
4.402013753255208144e+02
5.256792704264322680e+01
1.277226952446831660e+02
2.352128194173177178e+02
3.687284935845269160e+02
3.598964436848958570e+01
7.768555196126301610e+01
1.710279863145616446e+02
4.044353112114800410e+02
4.236641947428385180e+01
9.112742275661892677e+01
2.134442732069227304e+02
3.833680708143446054e+02
6.393231201171875000e+01
1.281114637586805429e+02
2.518207787407769160e+02
5.083067372639973769e+02
6.841470675998263573e+01
1.098924424913194429e+02
2.350979173448350821e+02
5.137514851888021212e+02
6.462495422363281250e+01
1.179000735812716982e+02
2.443767344156900947e+02
5.105831739637586679e+02
8.504573398166232323e+01
1.431779242621527715e+02
2.117562340630425410e+02
2.887554846869574590e+02
1.425367228190104072e+02
1.399545050726996465e+02
1.556856519911024179e+02
1.615139194064670107e+02
9.864272393120660354e+01
3.999260219997829608e+02
8.856015014648437500e+02
1.593595755683051266e+03
4.677964613172743213e+01
9.619105699327256787e+01
2.238692932128906250e+02
3.844783477783203125e+02
5.633403015136718750e+01
1.133297424316406250e+02
2.245069020589192803e+02
4.446125437418619981e+02
5.450429450141059107e+01
1.100041215684678804e+02
2.168003285725911553e+02
4.312405107286241446e+02
5.621252610948350537e+01
1.132649790445963589e+02
2.218574032253689268e+02
4.447511037190755019e+02
6.539666069878472854e+01
1.290669097900390625e+02
2.584530944824218750e+02
5.183057250976562500e+02
5.710999043782552320e+01
1.785845387776692803e+02
5.577187839084201642e+02
1.746988567776150148e+03
1.003270229763454893e+02
2.057526685926649179e+02
4.069292348225911269e+02
8.119537828233507071e+02
5.589330715603298927e+01
1.054800991482204893e+02
1.950566474066840215e+02
4.443403116861979356e+02
8.601681976318359375e+02
1.743443311903211907e+03
2.474798146565755360e+03
3.029357794867621578e+03
2.053202819824218750e+01
6.372512478298611427e+01
3.048349270290798358e+02
1.106678556654188469e+03
2.214904734293619697e+02
4.062715454101562500e+02
7.987187703450521212e+02
1.422056040445963617e+03
6.381763203938802320e+01
1.317041965060763857e+02
2.587343139648437500e+02
5.209193827311197538e+02
2.237345818413628535e+02
2.815322604709201642e+02
4.639565361870659785e+02
7.687430199517143592e+02
5.831946139865451073e+01
1.300510508219400947e+02
2.468453030056423643e+02
5.162287139892578125e+02
1.683157314724392393e+02
2.514808553059895928e+02
3.097609269883897696e+02
4.767796902126735858e+02
9.001239657931857892e+02
5.443578016493055429e+02
3.558973117404514142e+02
2.586696506076389142e+02
9.240419345431857323e+01
3.276347452799479356e+02
8.193321177164713163e+02
1.258015307956271727e+03
9.254692247178819287e+01
3.860236680772569571e+02
3.395409105088975821e+02
1.534602773030598883e+03
