9.067496799852310385e-01
8.479492458156696610e-01
7.718907617166862467e-01
6.717234591136878041e-01
9.692906823882715406e-01
9.441800113688222362e-01
9.064253417607007757e-01
8.487301857951385919e-01
9.138115545509255533e-01
8.616926128247711647e-01
7.864186708085447730e-01
6.908734377167068397e-01
9.602372995005180600e-01
9.254394880767765619e-01
8.723976615978366045e-01
7.764930216071561642e-01
9.043933587219942227e-01
7.989452217080155183e-01
6.335163221623889562e-01
4.173184526404520311e-01
9.335186140602158567e-01
8.825212576763874495e-01
8.046025779942062028e-01
6.930191562450748188e-01
9.094425033782961298e-01
8.853165790629324849e-01
8.315106599375354790e-01
7.380304127046374285e-01
8.859421227615311700e-01
7.102771246810013483e-01
4.810380812829625485e-01
2.774809385599297795e-01
8.867427427118624861e-01
7.589189892193026754e-01
5.791139775635208986e-01
3.324218749873798506e-01
9.013582258023495886e-01
8.050066692570585491e-01
6.287410569581965980e-01
4.768746895884334869e-01
8.781925247964754710e-01
7.911021478653387229e-01
5.853032511097178148e-01
2.771365103526017282e-01
9.115518029237973385e-01
7.929785361121935994e-01
6.466574253948834672e-01
4.536974726911006672e-01
8.758260761405476380e-01
7.657627708260155153e-01
6.631905826381762070e-01
6.766392946908992290e-01
9.591294823369739264e-01
9.229116162041556271e-01
8.784517002782992190e-01
8.332004307192957260e-01
9.106188774168884059e-01
9.529158509044524106e-01
9.725830580203981279e-01
9.855624976376106128e-01
9.935973365694042991e-01
9.601810480166834694e-01
9.565700179680790560e-01
8.240450712230252828e-01
9.774454475912724982e-01
9.583339760998770274e-01
9.113051438906439872e-01
8.126912751024868431e-01
7.763453157707613794e-01
6.572012780049520941e-01
5.232599421843815435e-01
3.892696652990383366e-01
9.247038401427560839e-01
8.657102600488754129e-01
7.782906528382388389e-01
6.582462777277906518e-01
7.976256165346213844e-01
6.847411025361437309e-01
5.485287708373075555e-01
4.153009983109051673e-01
9.057527948926323846e-01
8.319670329569012202e-01
7.141954384181136151e-01
5.506850191528902538e-01
7.738082462703621545e-01
5.676519726590942838e-01
3.498832648680871293e-01
1.829004490155119178e-01
8.713612568030528749e-01
7.629262566069185958e-01
5.962706870744926002e-01
4.097490569550517603e-01
8.633344345953432031e-01
8.185097951760906820e-01
7.949760126712661634e-01
7.153693957534392744e-01
9.140256930131899216e-01
7.929440160055336584e-01
6.445261915462724422e-01
5.118101354658620705e-01
8.049240489798640263e-01
7.135106970179898589e-01
6.055270728257369228e-01
4.948412644450662645e-01
8.606445496117228755e-01
7.543481640545275368e-01
6.081524174376133907e-01
5.183567384331400074e-01
7.040734131694466047e-01
5.390874444779244490e-01
4.505830003110570248e-01
4.147975988090522037e-01
7.486253817244853392e-01
7.023773171064298104e-01
3.293561478290100153e-01
2.976539583079195195e-01
7.206600604027418866e-01
6.090251026364194020e-01
3.431302195061521898e-01
5.860182684324629632e-01
9.674274478447968395e-01
9.320020490106113442e-01
9.050786925910159209e-01
8.614879596366682435e-01
9.155838833180300895e-01
9.526239003406667960e-01
9.737314580437457234e-01
9.859204713253152397e-01
9.900490356327612540e-01
9.387719235613209978e-01
9.340045748832999095e-01
7.354528189820932482e-01
9.832535846521843759e-01
9.685574292595957591e-01
9.428525377319344480e-01
8.651886335476162149e-01
6.869482080032521809e-01
5.527769507510233993e-01
4.234292153350703858e-01
3.127291927487915180e-01
8.820425472335864381e-01
7.982018958589602864e-01
6.844776303603127277e-01
5.523974453352420433e-01
7.153482888468161160e-01
5.822486587442263772e-01
4.519661408111314005e-01
3.373030676865138022e-01
9.087812449505154877e-01
8.516507335809065937e-01
7.602898570820889601e-01
6.319686335813805567e-01
6.817665092615274869e-01
4.648456762039337442e-01
2.820318999406869476e-01
1.549268499085559303e-01
8.094821355869940005e-01
6.772926153969753837e-01
5.041268155006808360e-01
3.432538719872240129e-01
8.461466564865900430e-01
7.937949508872353954e-01
7.898417349550946875e-01
7.418539324846031846e-01
9.485910543361455449e-01
8.822685734871767993e-01
7.925135761895324427e-01
6.921247871499869309e-01
9.043742180876790382e-01
8.476606575876493022e-01
7.612180223891035213e-01
6.609460511752843770e-01
9.153885945917091815e-01
8.432141602914589029e-01
7.325017239948723446e-01
6.507512324340264387e-01
7.786555952578897433e-01
6.880341264467516593e-01
6.025720458154213421e-01
5.622879237965917598e-01
7.837295069975174222e-01
7.408739094280377691e-01
6.368005594798341606e-01
5.077634332605682754e-01
6.515683068843312054e-01
5.934436347287083136e-01
3.556942933346990965e-01
2.557114136717758002e-01
9.688113745607442873e-01
9.443915904043193033e-01
9.211060506685068150e-01
8.960383700381731042e-01
9.193416421935362015e-01
9.583177030456022649e-01
9.758985036957930070e-01
9.869045713974264888e-01
9.914698861297173149e-01
9.498672495615571032e-01
9.417832653560591627e-01
7.715241180536456245e-01
9.810639852437228470e-01
9.727005000248400979e-01
9.339440076768038557e-01
8.924391549734718154e-01
7.554575957402367425e-01
6.259006974473301232e-01
4.860310049708627123e-01
3.507459424596787723e-01
9.169985311549641027e-01
8.515671647689710966e-01
7.567034713314829686e-01
6.252560878560839974e-01
7.782119467187799122e-01
6.532622183453588027e-01
5.175817108651189491e-01
3.752824840928895012e-01
8.960058179804850642e-01
8.230945417790862528e-01
6.973028671063755679e-01
5.234421575151528838e-01
7.523547775023297079e-01
5.324742193646327948e-01
3.120017169181956707e-01
1.528674011692727208e-01
8.655714702496786206e-01
7.583871242063650042e-01
5.943272084573804070e-01
3.982001351532370448e-01
8.359721220882245785e-01
7.967867230950762547e-01
7.172323231881845285e-01
5.802401956319999110e-01
9.394858704911259739e-01
8.589114022431220130e-01
7.491379205270951580e-01
6.296497692118915301e-01
8.271027824957527530e-01
7.611619214584893767e-01
6.751276872384384120e-01
5.838033713844338335e-01
8.806273024479327471e-01
7.896306176341429950e-01
6.334957656200446152e-01
5.373073882333587736e-01
6.728491246305408069e-01
5.894277975228137123e-01
5.115444054157995968e-01
4.639285055411871972e-01
7.608263858316313133e-01
6.015862181725132318e-01
5.164514046625547916e-01
3.936147816166877256e-01
6.381972472134610497e-01
4.737702001390512452e-01
5.308295879182111099e-01
2.757967760322535544e-01
9.720466408850394480e-01
9.412442477191166335e-01
9.210820620629457389e-01
8.802366622140644914e-01
9.229856165408635293e-01
9.574712360078034834e-01
9.778448122978232737e-01
9.866165693003655646e-01
9.906234728034342130e-01
9.410720868741786482e-01
9.410125368910446930e-01
7.550262251227150001e-01
9.780120241234452338e-01
9.653486525951292530e-01
9.238802098320216816e-01
8.606912893029594613e-01
9.274834501925760533e-01
8.803588502471668686e-01
8.148850458922173301e-01
7.286889393868632991e-01
9.777557755052810329e-01
9.589287563222773647e-01
9.283074129842409095e-01
8.793306234591720116e-01
9.328039722718403093e-01
8.883144203560452423e-01
8.232151468467090449e-01
7.356528224745375599e-01
9.732492977111835142e-01
9.486035776681476239e-01
9.063783746448444978e-01
8.353732338722033024e-01
9.270425040684521223e-01
8.387429770597072398e-01
6.980492306065433361e-01
5.047216417035501612e-01
9.356384385556071326e-01
8.803555526891727601e-01
7.993107377137138592e-01
6.905714679562027225e-01
9.409815813274017282e-01
8.949423422916741311e-01
8.180430797999396209e-01
7.208320169525609389e-01
9.336039205949413500e-01
8.153677816535389589e-01
6.060683828352892988e-01
3.484103228727424839e-01
9.445297660197584655e-01
8.716882588086505290e-01
6.854398484258469315e-01
4.089004250884071823e-01
9.383880516711250452e-01
8.666773037457274897e-01
7.215402671437594062e-01
5.623107643445153236e-01
9.350064043150826398e-01
8.807642087560428878e-01
7.764165220367119646e-01
5.640442410994729316e-01
9.630146796929562880e-01
9.094933950041200754e-01
8.494675665509656692e-01
5.939732961303015868e-01
9.769484297563567621e-01
8.318896946409707338e-01
7.277426073306955123e-01
5.587034737613345570e-01
9.684101202799331176e-01
9.248785778724208928e-01
8.861062846787716163e-01
8.279899293025787532e-01
8.953901377656559024e-01
9.455443020857258185e-01
9.717355359386291580e-01
9.856384080419120508e-01
9.824974521815691419e-01
8.734341859755240245e-01
9.045025678304564609e-01
6.178313407683091452e-01
9.548614497895239195e-01
9.431955764546207099e-01
8.530817636911107726e-01
7.754108957552212633e-01
8.823492013798210909e-01
8.141850378485723239e-01
7.299576888456081880e-01
6.266480815929242887e-01
9.575049438511729072e-01
9.248810800402853527e-01
8.757887017267902419e-01
8.077741957461154199e-01
8.929361164262374917e-01
8.288091218960093043e-01
7.507526108518248753e-01
6.496304029405419733e-01
9.664111083446279560e-01
9.366974179113882748e-01
8.816316905697776374e-01
8.062799098731346925e-01
8.799174357396873924e-01
7.590894610161887934e-01
5.889774455017861010e-01
3.844244654698947827e-01
9.107458873349407735e-01
8.387417083424215658e-01
7.376460780643794291e-01
6.088513840657676646e-01
9.291028423993910046e-01
8.985971451826554324e-01
8.447728419118354370e-01
7.769168450627871314e-01
8.989541709095291155e-01
7.409916373772839071e-01
5.321971999507038031e-01
3.469265997255868705e-01
9.091680259506405015e-01
8.103269950504896624e-01
6.279393970337936448e-01
3.908779688088971915e-01
9.170392588702095393e-01
8.317858087769216535e-01
6.671910057923703397e-01
5.101251147376814066e-01
8.858143455159922519e-01
7.950832746559192143e-01
6.048545030111243115e-01
3.182890708355331499e-01
8.859441953024301819e-01
8.372192435892309437e-01
7.501492621653667037e-01
5.329625381980502841e-01
8.908943493699209570e-01
7.633375519173882795e-01
5.805711939847759684e-01
4.850192447269556228e-01
9.646148852695587417e-01
9.207945964199033551e-01
8.833485398903951902e-01
8.378965109436294911e-01
9.080501275549195395e-01
9.526594352345494343e-01
9.761213595944479016e-01
9.847551610451059645e-01
9.927718069206844520e-01
9.698534408141284979e-01
9.557117798307128709e-01
8.643457943512371511e-01
9.695757131637282589e-01
9.577894046300834408e-01
8.938653168351915479e-01
8.200219686715176648e-01
8.192057254692267643e-01
7.295543238321693380e-01
6.316203282817086651e-01
5.264728260334337051e-01
9.361142974033577202e-01
8.873414248770356005e-01
8.189464246583254559e-01
7.298832955810697909e-01
8.353175924470557234e-01
7.494855264164098640e-01
6.502732081406012998e-01
5.432028788531311214e-01
9.440638491327146831e-01
9.009362795926860734e-01
8.264198009621336327e-01
7.231960139580821956e-01
8.166587026076846945e-01
6.641353989634801724e-01
4.907020391781016233e-01
3.129185410465465389e-01
8.880023487581518715e-01
8.084860108110996091e-01
6.910693749109260153e-01
5.559814101427706934e-01
9.074005143691300512e-01
8.394778749763770476e-01
7.796786112581307604e-01
7.193815988991224541e-01
9.632821542842785467e-01
9.060616393456321083e-01
7.770761528710171673e-01
5.093821334543296997e-01
9.413727079989525626e-01
8.964673736195217790e-01
8.000776833942719879e-01
6.290361318551125347e-01
9.438543199302287245e-01
8.920160977318620787e-01
7.712511500694562150e-01
6.642328720489577565e-01
8.682903180909645746e-01
7.703152782589557379e-01
6.285859665398565443e-01
4.373050729443179740e-01
8.815431496688919122e-01
7.815468859824289405e-01
6.712625000080648663e-01
4.936265877213942832e-01
7.723250485156474276e-01
6.444912644504982024e-01
5.562420973939447011e-01
3.818921447073542752e-01
9.746855008940512599e-01
9.413053794568837507e-01
9.147540949901084018e-01
8.904834317164304069e-01
9.125968039872560666e-01
9.502420661934674051e-01
9.731512104413090336e-01
9.859646219718105620e-01
9.926931104522468408e-01
9.535377402734774854e-01
9.510478542642175626e-01
7.998192320554782242e-01
9.793169864361797039e-01
9.630179310322829478e-01
9.174222758124005450e-01
8.416932397781031749e-01
9.164619019638823305e-01
8.626626348291915880e-01
7.919796615553394981e-01
7.038497036201322166e-01
9.734805241841008039e-01
9.513282502984101718e-01
9.151537834508518543e-01
8.608010430478895136e-01
9.256013413115049548e-01
8.742655044996225921e-01
8.064030419167049768e-01
7.205865491720184757e-01
9.775107426740415884e-01
9.574195693568290366e-01
9.215267594272733565e-01
8.614901042437291823e-01
9.153592448479133115e-01
8.171783341681075896e-01
6.727831154321092244e-01
4.934460361189402233e-01
9.363229373128294508e-01
8.721849298369358516e-01
7.802010250042328288e-01
6.617560314631544260e-01
9.301939013603977013e-01
8.974068998590888357e-01
8.435421329839769555e-01
7.378692379056452921e-01
8.989323469923604648e-01
7.398076428105729851e-01
5.270367844387668921e-01
3.264800094682662190e-01
9.033352913317227451e-01
8.402221546734101043e-01
7.211562047378039519e-01
4.759961457936128792e-01
9.133230840470177858e-01
8.347324888063810677e-01
6.912026496721884739e-01
5.531767517730658001e-01
8.903097298569003781e-01
8.084527624225498199e-01
7.274918578939163494e-01
5.282812743551953405e-01
9.767380060377911510e-01
9.387778874772287896e-01
8.955339946094891257e-01
8.662589905331949947e-01
8.753547697928756310e-01
9.003372493729120407e-01
7.064479576344162570e-01
6.352158085126686782e-01
9.677489225828056485e-01
9.309678874533505732e-01
8.947351626469345343e-01
8.492254474577710655e-01
9.044876944615775072e-01
9.519110756633403225e-01
9.757311586241158574e-01
9.852044200676888241e-01
9.907681768758914709e-01
9.501446585424896396e-01
9.312919472115761543e-01
7.960621127684014420e-01
9.604498177758971078e-01
9.493986106604601627e-01
8.495373590669037522e-01
7.915766320393524680e-01
7.535745033535571347e-01
6.404155387162053792e-01
5.276317648828029450e-01
4.197548932309497216e-01
9.108267693947529331e-01
8.444318271843735957e-01
7.516108452453905686e-01
6.395711185886249206e-01
7.753121977538710574e-01
6.683261027517269914e-01
5.527324212675261972e-01
4.415136203735202658e-01
9.466887833271256936e-01
9.062004423312252088e-01
8.411602457719151715e-01
7.474054323798868804e-01
7.500039092871271240e-01
5.637091082542864395e-01
3.876807116404417664e-01
2.424291698439535181e-01
8.494965541425476552e-01
7.440582018768453487e-01
5.974121406724319794e-01
4.536748751539241287e-01
8.645815620341568142e-01
8.385044130416287045e-01
7.645768962593748608e-01
7.088079506084836723e-01
9.341888244840659272e-01
8.482281866574388207e-01
7.249012972626560636e-01
5.750654502929644085e-01
8.858837221039017606e-01
8.366535654639356556e-01
7.456753396598743144e-01
6.068117401022147250e-01
8.929469533334263298e-01
8.292078796274783281e-01
7.161003545748541033e-01
6.289413131116929900e-01
8.264567098775414955e-01
7.277374941560266208e-01
5.872065280626925787e-01
4.963121463020180868e-01
9.386711417738047292e-01
8.269557389810412440e-01
6.155014533129744558e-01
5.005524059934047809e-01
6.839198388861682520e-01
5.848797533496686851e-01
5.007559015123054236e-01
3.443505279506012817e-01
9.718162743174153517e-01
9.351142694714459358e-01
9.060537017075768196e-01
8.791732345837277585e-01
9.072924838641941436e-01
9.519396359638497840e-01
9.711431559281674675e-01
9.835878554211072711e-01
9.950841362512214960e-01
9.699990843708398147e-01
9.653835682880187452e-01
8.649622864555301938e-01
9.744372585815299637e-01
9.641841743139564214e-01
8.976882120805760312e-01
8.596467504905868084e-01
7.845429929770226796e-01
6.743618584239094993e-01
5.531499620302802178e-01
4.336182653512525853e-01
9.247156469598505346e-01
8.669531220154365059e-01
7.820055797138482090e-01
6.745651952915274752e-01
8.049723952047002085e-01
6.995514447446159467e-01
5.799065684592706882e-01
4.569723933508241798e-01
9.406989505240133109e-01
8.949086269102702884e-01
8.177422766329871529e-01
7.028056201649988122e-01
7.816036771795158433e-01
5.944455834388109317e-01
3.951977574043253338e-01
2.267472252568362434e-01
8.905157093242209720e-01
7.955757717906690729e-01
6.589374295572600904e-01
4.842510887905315253e-01
8.695013307018280013e-01
8.025489946001406194e-01
7.135642559760076997e-01
6.555175988341906956e-01
9.374747893242453278e-01
8.474923668713565394e-01
7.080587962228185317e-01
5.442810290149443508e-01
8.821398478848332392e-01
8.114735362913886307e-01
6.854485729067849586e-01
5.288787098184344337e-01
8.984838591123907037e-01
8.241045946269249800e-01
6.810063261864441886e-01
5.627036179831937934e-01
8.003785462489211300e-01
6.641274852346170654e-01
5.195946897910446172e-01
4.336117099824919885e-01
8.993804681334482964e-01
8.126199701786873675e-01
7.115926799704531680e-01
4.392706857970052337e-01
6.951050910877216715e-01
5.637502263937417268e-01
4.834917025326596618e-01
4.065459710939915983e-01
9.679146549431687507e-01
9.345987337963841401e-01
9.004037734601237908e-01
8.654120406696264034e-01
9.056125944923110183e-01
9.485972640205571071e-01
9.725207797871476822e-01
9.863043413872596421e-01
9.934698945493782851e-01
9.564792644463659954e-01
9.579277342157287434e-01
8.533354291941630532e-01
9.589185860355891045e-01
9.593380170626647496e-01
8.809406251872707871e-01
8.459453190378313225e-01
8.506923338228556952e-01
7.689579925355395362e-01
6.701962864938066922e-01
5.579906360224909934e-01
9.494702522362202801e-01
9.105093846157840121e-01
8.518726459815484375e-01
7.700881401087372735e-01
8.622141770306556152e-01
7.847703290681120603e-01
6.862246605891432205e-01
5.743343479756393144e-01
9.550837905137493644e-01
9.171162654897015987e-01
8.538660859147244597e-01
7.563707073409526860e-01
8.484998966181446223e-01
7.045863931796173540e-01
5.189069656809265352e-01
3.242292443505034316e-01
8.884716327784439871e-01
8.010627466381270434e-01
6.882066137354467816e-01
5.486316089053583367e-01
8.787822560769835700e-01
8.541449408616073047e-01
7.357612796797527999e-01
6.127517793449968053e-01
9.145613913326245958e-01
7.847659946031865230e-01
6.038764827753888564e-01
4.209388949803735125e-01
8.812651147637067250e-01
7.836314719922562455e-01
6.235516627280369706e-01
4.206603591841170942e-01
9.027385845305343492e-01
8.129140735128507211e-01
6.486124590567501347e-01
4.922982000696353166e-01
8.540660803188949712e-01
7.709325855061262001e-01
5.440719356261896067e-01
3.473390712895639831e-01
9.823712782847681124e-01
7.857567050395519725e-01
7.003594063129027214e-01
4.103238625014209995e-01
8.221904135366888688e-01
7.162094649269613589e-01
5.726196475452798307e-01
4.057462937663869895e-01
9.629902818923816721e-01
9.256679135814883663e-01
8.848119955404857295e-01
8.489492667542007931e-01
9.037602827479211953e-01
9.498877725763190671e-01
9.716685452485263053e-01
9.842351089242513673e-01
9.768265319502799082e-01
8.126551884609617415e-01
8.913562480655798925e-01
5.913212893763589717e-01
9.198732361918264822e-01
9.355846553632751750e-01
7.794646755667979932e-01
7.826679816503093745e-01
7.818899266695968908e-01
6.646472653377963891e-01
5.294134968190884472e-01
4.000785532244921505e-01
9.250244593510964508e-01
8.663183513972324556e-01
7.783607902013147672e-01
6.610875976522945230e-01
8.016871248093375701e-01
6.915004884827570253e-01
5.579364790245039396e-01
4.266691123146938436e-01
9.164374861287021279e-01
8.536083774642579947e-01
7.553731130084146983e-01
6.239137493599166140e-01
7.788768011937207136e-01
5.755199261236608743e-01
3.585588426564194076e-01
1.944782860023734072e-01
8.657222757973370708e-01
7.522693265902882231e-01
5.871797051015686941e-01
3.989356569266362951e-01
8.548524102059926744e-01
7.641706900629102739e-01
7.550100172304612389e-01
6.748968539771627029e-01
9.185686115295434995e-01
8.043135541370131092e-01
6.565696690318806317e-01
5.159510754454829096e-01
8.334649668201693506e-01
7.374646913884792543e-01
6.113308700075543722e-01
5.130164244648773852e-01
8.866987681726731241e-01
7.855463027621890637e-01
6.084778661300733749e-01
5.073425447488837392e-01
7.093490079518001146e-01
5.353523941061490987e-01
4.636714032398031038e-01
4.220878857088471992e-01
9.705178855910570057e-01
6.078857933679050474e-01
5.262324564675682215e-01
5.247652171949330757e-01
7.269604202586410491e-01
5.099980370146698361e-01
4.176789731818384976e-01
7.181325653452337310e-01
9.739651118826345710e-01
9.411798443667900305e-01
9.068315717551593824e-01
8.604878444101550228e-01
9.048295860310330285e-01
9.491121241904593164e-01
9.734572135328092291e-01
9.831277577014769786e-01
9.953740550955583188e-01
9.821708969851080662e-01
9.664255877632268454e-01
9.143991612237800659e-01
9.771941018085110731e-01
9.643374801639367222e-01
9.042015057045398319e-01
8.534907779822016316e-01
9.488334246299561237e-01
9.065041101480006969e-01
8.384163838074433217e-01
7.417949110737434015e-01
9.853696284465869315e-01
9.719668368981706497e-01
9.481245103761620774e-01
9.050965200648731779e-01
9.540782663992394275e-01
9.143899712366334587e-01
8.522924454511974224e-01
7.588479889506329901e-01
9.793249665368399803e-01
9.593372760852658665e-01
9.236889974318988061e-01
8.545747860260946016e-01
9.477739540816603192e-01
8.641576861590640757e-01
7.038960339794839705e-01
4.825548431320794696e-01
9.520195011139473973e-01
9.110763982321016252e-01
8.421598362555881012e-01
7.375259930807618325e-01
9.445654471984663569e-01
8.958237883196493723e-01
8.368637357630669404e-01
7.260233436666618800e-01
8.684654407240887108e-01
6.755783691173438132e-01
4.338565440830312037e-01
2.260694459329951889e-01
8.762663816409088646e-01
7.126695784068932671e-01
4.822794152779129595e-01
2.380072290701755466e-01
8.917687774634990294e-01
7.830336308819116908e-01
5.847709312150097816e-01
4.019103682556066093e-01
9.234052524207858603e-01
8.435019086751920359e-01
7.364220255068741894e-01
4.230411921016651866e-01
9.530873578173940652e-01
9.256934900200680660e-01
8.606476053906952917e-01
7.466825726897825533e-01
9.379346859092344557e-01
8.203102968801730954e-01
6.969239815875155619e-01
5.994267045775517611e-01
9.598502026709071488e-01
9.178024800964957874e-01
8.845718031836874440e-01
8.339504722944655057e-01
9.124355127571711632e-01
9.540013529628126321e-01
9.747396034639221885e-01
9.847461836499484811e-01
9.914448874631096587e-01
9.522443138760626757e-01
9.428755325295880008e-01
7.810277970511243506e-01
9.753147682062639490e-01
9.547547788709905836e-01
9.037428073527380423e-01
7.943543948598050797e-01
8.973724335005358599e-01
8.269349894179766070e-01
7.320044966277442500e-01
6.193323553696195027e-01
9.686087635684592634e-01
9.412835213658172773e-01
8.965047003948662940e-01
8.277727967694863409e-01
9.065313654372196828e-01
8.412342613968908367e-01
7.498145834590365100e-01
6.383591895220106505e-01
9.607885480779988496e-01
9.263975290029581311e-01
8.667478015694083382e-01
7.717921949955472982e-01
8.951212612801300317e-01
7.663843975643138684e-01
5.771227477162379493e-01
3.670676664246259047e-01
9.220486099004192582e-01
8.594229372909408804e-01
7.595698900151868216e-01
6.161184653624343088e-01
9.125831707978661056e-01
8.473626046313109672e-01
7.634874369802535643e-01
6.647866378691729139e-01
9.231640151450661858e-01
8.006792244776896883e-01
6.109793148020208342e-01
3.990426984220878381e-01
8.782394160858688625e-01
7.744491220980060930e-01
6.113030294800263498e-01
4.133435075018270788e-01
9.058351188601043713e-01
8.192361447016058840e-01
6.458226153858867002e-01
4.821192088022813182e-01
8.786721881211239094e-01
7.989812665153711579e-01
6.166787484484482773e-01
4.016619224062427662e-01
9.792078078778020389e-01
9.840070532995611741e-01
7.502698184032510209e-01
6.091507795502733025e-01
8.643427570712023389e-01
7.369617689062892829e-01
6.230434035979868224e-01
4.791798539874001506e-01
9.647531676885366947e-01
9.155306950223930373e-01
8.829837454766132909e-01
8.248251067136848080e-01
9.046680850421642273e-01
9.483393636680294003e-01
9.724556793787311193e-01
9.846287531049875419e-01
9.917553636694782515e-01
9.440701890124726381e-01
9.462472496522152943e-01
7.657792935753542363e-01
9.727076954604486625e-01
9.538149534985457256e-01
8.862076615269548485e-01
8.034287939761667330e-01
7.496760203221212171e-01
6.254531762676338591e-01
4.936824969920119432e-01
3.696511682674200050e-01
9.085844003076073427e-01
8.400867885633974685e-01
7.429913559366209119e-01
6.184780776562308624e-01
7.716914452251139034e-01
6.508990277080595188e-01
5.212395655225983138e-01
3.891463937566695397e-01
9.261218919785372261e-01
8.734893191962809222e-01
7.911418919286677953e-01
6.783688118706401315e-01
7.464876956441635070e-01
5.371237660868273256e-01
3.321863991557971740e-01
1.784667902263677719e-01
8.044810167179913263e-01
6.618055335784591708e-01
4.935273670110616462e-01
3.304993748646684049e-01
8.406440497374534360e-01
7.969443837265569597e-01
7.069314438065286144e-01
5.754238674139613430e-01
9.381607798767833684e-01
8.605792776136338418e-01
7.595792890932440145e-01
6.517403234532226364e-01
8.631694637605298315e-01
7.985711194413744884e-01
7.066966082187812193e-01
5.796812772777008016e-01
8.894910739896197960e-01
8.125941722373681841e-01
6.686381686024939208e-01
5.731057431182798867e-01
7.575655309852761254e-01
6.479663417632742783e-01
5.505561497981779073e-01
4.989284356520368169e-01
8.354017784762409748e-01
6.120037261105022441e-01
6.876939155944122861e-01
4.071169056965591171e-01
6.675968899238803322e-01
5.577600217066929211e-01
4.616193271190619507e-01
2.588021521149977966e-01
9.698916563672606017e-01
9.404224126082092461e-01
9.164626560283329892e-01
8.877399985735459076e-01
9.059415548567854026e-01
9.468494327976503255e-01
9.718487708328324981e-01
9.868872862759960896e-01
9.706119854605830266e-01
8.084890492743118662e-01
8.729774643903935871e-01
4.826192831705353181e-01
9.283105476379081011e-01
9.358899722695069867e-01
8.034068155176633530e-01
8.121175200355001955e-01
7.593076157836694540e-01
6.427813991680504380e-01
5.142568983619570933e-01
3.880179384769536499e-01
9.139249685794930134e-01
8.498907891371134671e-01
7.576454322108301387e-01
6.408178315288022286e-01
7.820271548224083658e-01
6.673705343163544024e-01
5.432609119468464476e-01
4.125734149162756381e-01
9.250082548696246798e-01
8.661187892298202184e-01
7.746015158633376974e-01
6.508692762241171659e-01
7.561988561067938264e-01
5.571251124865819193e-01
3.494395346949129566e-01
1.820722844400952667e-01
8.808458857201398873e-01
7.868427146421391738e-01
6.388996605218079106e-01
4.519679989656479324e-01
8.471272743943323302e-01
7.690210230572057659e-01
7.147370692006682624e-01
5.910116423574344191e-01
9.237345430089299869e-01
8.163347527273601134e-01
6.868245544028167560e-01
5.675598067043997608e-01
8.659649513364742202e-01
7.770758725523305710e-01
6.447486888069933197e-01
5.239447131263854640e-01
9.022016235230755354e-01
8.123457254831624175e-01
6.420214522136266089e-01
5.220583805317772219e-01
7.614549473616518682e-01
5.652960597755977146e-01
4.715715291394662612e-01
4.537640137007550312e-01
8.491219308238143748e-01
6.664974095529575537e-01
4.813038580383136034e-01
2.182800770116629929e-01
6.625943958947498880e-01
5.697574042833601915e-01
3.496831912704060352e-01
2.302881455271159616e-01
9.662470555407640660e-01
9.343429508115268511e-01
9.022522728520055990e-01
8.682608264178803825e-01
9.205297077609310152e-01
9.500890473412413328e-01
9.703348693385998036e-01
9.838555005056934810e-01
9.939374269391459960e-01
9.729137537462303476e-01
9.555654105335574799e-01
8.696961989982013863e-01
9.795267427015912354e-01
9.693400144803008267e-01
9.253424323983551192e-01
8.702858006652473000e-01
7.918393745911772585e-01
6.856342180755375937e-01
5.686446211492449665e-01
4.436846132860227110e-01
9.272036047096227085e-01
8.725426466790082713e-01
7.925873167288131071e-01
6.870912580930506053e-01
8.079565402944222097e-01
7.022765708924866290e-01
5.864427905083414716e-01
4.578851015267547120e-01
9.471938924737897114e-01
9.039886074543822536e-01
8.322183699948627611e-01
7.264057395327702116e-01
7.891262838747252761e-01
6.087296446810385175e-01
4.042777439962796371e-01
2.242456762935019776e-01
8.427555155355375138e-01
7.282167656672121625e-01
5.901309783143663390e-01
4.393501942983962794e-01
8.301137440015314839e-01
6.759871787512652386e-01
5.531158586106850183e-01
4.642420253103614058e-01
9.544934808965346296e-01
8.902359430606072710e-01
7.766461271906065500e-01
6.098084594088898358e-01
8.947958515383210853e-01
8.306879403402827045e-01
6.996381124991140066e-01
5.128304556883381826e-01
9.200063128814252034e-01
8.517198185746881478e-01
7.102603672219229836e-01
5.143208963970086200e-01
8.386571089881925678e-01
6.875577243828229212e-01
5.374807667292764712e-01
4.148684052735369110e-01
8.751588493285417103e-01
8.286116836067055624e-01
6.322396662423379610e-01
3.631737782303421924e-01
8.084300179670077524e-01
5.576711946011011500e-01
4.855771966711791565e-01
3.929853300759904022e-01
9.692804265286891763e-01
9.396834672402555322e-01
9.105621583093636007e-01
8.672309049271968995e-01
9.047430853984408383e-01
9.493855557568733339e-01
9.709507231501764979e-01
9.841651154747369512e-01
9.614593283884885766e-01
7.044139017906975164e-01
8.534056460625978335e-01
5.465438190905310689e-01
8.240390358044648034e-01
9.100388170989491821e-01
6.806589501842982282e-01
7.596005794374479647e-01
8.779499011700577782e-01
8.019075682901991575e-01
7.065069447915389711e-01
5.906536620793886305e-01
9.605769748404373587e-01
9.284211940175594036e-01
8.772332668230690134e-01
8.023479812005464007e-01
8.887039510842554835e-01
8.152793575351566790e-01
7.180599655036199458e-01
6.050967019853382700e-01
9.615937031100683097e-01
9.288600129732796917e-01
8.717470450978707097e-01
7.794609995536611047e-01
8.755734070701585159e-01
7.399334719843339014e-01
5.525758994501231980e-01
3.479329824791871362e-01
8.995981866578601771e-01
8.222854162653999710e-01
6.945645818824026652e-01
5.338725886280812905e-01
8.987242850790265747e-01
8.199521301672264562e-01
7.660313157721974076e-01
6.873315628666484267e-01
9.309492689087069950e-01
8.212665706994092263e-01
6.317958734217106187e-01
4.012960583778785173e-01
8.836725289802818128e-01
7.802122553911470249e-01
5.847149687886282754e-01
3.748741439193694069e-01
9.074843564199016610e-01
8.287329064743690354e-01
6.642595374582089818e-01
4.973212963542631426e-01
8.817849512113473676e-01
8.070870548328810123e-01
5.816142687290729585e-01
3.199050261955705410e-01
9.088315314037181958e-01
8.065215895078963193e-01
7.110193466054192113e-01
5.159995292555183966e-01
7.945009330651936486e-01
7.951730662347215040e-01
5.797473772127538227e-01
4.323400646761578758e-01
9.676290650220997769e-01
9.214195448715958303e-01
8.832593014882148541e-01
8.357677136736459955e-01
9.058235143168139603e-01
9.512062641872071067e-01
9.750811248034820800e-01
9.838538282721389638e-01
9.836168657179904518e-01
8.740833737140966120e-01
9.073941879658187215e-01
5.770341285051698854e-01
9.704220419424498534e-01
9.545062139649395094e-01
8.891934053864914977e-01
8.105220888199328177e-01
8.528147639132780400e-01
7.740722083462316938e-01
6.834720887247183185e-01
5.856881359840482304e-01
9.494092988748389361e-01
9.098776297153835513e-01
8.512659977740539841e-01
7.737169189974391070e-01
8.659205809500708506e-01
7.905649577049826959e-01
7.014218807752774509e-01
6.046796575929680451e-01
9.699593259166368053e-01
9.446587768882780400e-01
9.123005373066963575e-01
8.276989487236369181e-01
8.504616519064464031e-01
7.141214551244303710e-01
5.528498766079200655e-01
3.880714412021312176e-01
9.065030130879073722e-01
8.314976534299131083e-01
7.318609812966176964e-01
5.981206824060649740e-01
8.881341849919462961e-01
8.571457908599435793e-01
8.154218826664905162e-01
7.445515706379214338e-01
9.141132195231421731e-01
7.821570844268427303e-01
5.921616819734294435e-01
3.991927517686589266e-01
8.911928335421592795e-01
8.247406875206573229e-01
7.237918822420424947e-01
5.735978759525851567e-01
9.135886094756574538e-01
8.409670390117262029e-01
7.018235761286789609e-01
5.853957085144080308e-01
8.595060860842487216e-01
7.945035581778580047e-01
6.392069426515062380e-01
4.734391818979525879e-01
9.019463587186458131e-01
8.654595733127342649e-01
8.694132403926494446e-01
7.013552761614475495e-01
8.179745300455635304e-01
7.584342872069065322e-01
6.221687830996058821e-01
5.027787907327042616e-01
9.735908181780341675e-01
9.450580640242316477e-01
9.129649836213431513e-01
8.802020248366444477e-01
9.065014490437494077e-01
9.504842512281745925e-01
9.741424905876712170e-01
9.849143726250699782e-01
9.942588476981415457e-01
9.662961262251481553e-01
9.591653874001917490e-01
8.582928715359346983e-01
9.745395580766308408e-01
9.581597884478354477e-01
9.087143541060500596e-01
8.249404459864297934e-01
7.809625733145474369e-01
6.664868860005790374e-01
5.377367995837032399e-01
4.148192858928969606e-01
9.118786823660324226e-01
8.477360950725633115e-01
7.561997900356061120e-01
6.392703926810913151e-01
8.031513546614080790e-01
6.931012959221016789e-01
5.705741784789221116e-01
4.470023911392254079e-01
9.488861044191898575e-01
9.147603515100469762e-01
8.642650776080624819e-01
7.948315640207118671e-01
7.780890935048371260e-01
5.785596749444139597e-01
3.754215490645942954e-01
2.219770177598970051e-01
8.077394629157766959e-01
6.560785183201512938e-01
4.712067517110222759e-01
3.126652692130373890e-01
9.213100782223531127e-01
8.554837280102017827e-01
8.129684111366898280e-01
7.866292242478351016e-01
9.529619628404242260e-01
8.936391060166217759e-01
8.052052666650487689e-01
6.963448587331765305e-01
9.320686608754921165e-01
8.979822811541838812e-01
8.275175035876574103e-01
7.082587326747141754e-01
9.346173533541086709e-01
8.902839971857625656e-01
8.132044260795153745e-01
7.455468001355430863e-01
8.837606068703326434e-01
7.926095419135464892e-01
7.040962366388299198e-01
6.123840680287562233e-01
9.965541979529241035e-01
8.296573665694606525e-01
7.673144336596631199e-01
6.044910130154493855e-01
7.169515549844617253e-01
8.654123210210639128e-01
5.321576187390471002e-01
3.556949706082713769e-01
9.692231834423432613e-01
9.334903872696327376e-01
9.133732864599605206e-01
8.778363588247616311e-01
9.045155784007199440e-01
9.486635173687913980e-01
9.734336968254962974e-01
9.855501324782717232e-01
9.846658923862878776e-01
9.265499992700754195e-01
9.417063151459817982e-01
8.053372439187397314e-01
8.935044277060020246e-01
9.370659452451809424e-01
7.723395864761846141e-01
8.332144881479356391e-01
8.013456757592875013e-01
7.089489715033209238e-01
6.121610969948144687e-01
5.178071197722763364e-01
9.275409254855886410e-01
8.730434074757956742e-01
7.997039844980007306e-01
7.073491392072045469e-01
8.181619785574907322e-01
7.312824443827397047e-01
6.344553740571085010e-01
5.349620027594739202e-01
9.662464088347570978e-01
9.384723987807381818e-01
8.888471399918489446e-01
8.136470441715768498e-01
7.975688784137321408e-01
6.439586355026379882e-01
4.859119498644557389e-01
3.278040576588250321e-01
8.830148246666210676e-01
7.980791482249207647e-01
6.719789472614162706e-01
5.432144278708361806e-01
8.944886138655933072e-01
8.492021857459781664e-01
7.952456360631078303e-01
7.576094410316122074e-01
9.244964717593868730e-01
8.201009581565360529e-01
6.701069559918619856e-01
5.038952006160342112e-01
9.032914757342437317e-01
8.393427913512014893e-01
7.083236601426330381e-01
5.170212055611483892e-01
9.053942520289126605e-01
8.429416763878122554e-01
7.328344108446217531e-01
6.211148791660836554e-01
8.809883385233083786e-01
8.184531088309240365e-01
6.704197614418536677e-01
4.648531767386890889e-01
9.614479587692915663e-01
9.018118536991860390e-01
7.847741043810511075e-01
6.398571122433807101e-01
8.510047456364010499e-01
6.795729000274269849e-01
5.520376662572651361e-01
4.030207772893373286e-01
9.637928534323111363e-01
9.234145125983541647e-01
8.893748617226314712e-01
8.512110405540017632e-01
9.060127938769614309e-01
9.512479073736342938e-01
9.720553963547207132e-01
9.839984357465777487e-01
9.931554153791892769e-01
9.615151661274552453e-01
9.556603790912513441e-01
8.354380905172748006e-01
9.721475961569738811e-01
9.619690387721038238e-01
8.985741970400542566e-01
8.470605148814853713e-01
8.284688699956958002e-01
7.329590430920516209e-01
6.186406402089049683e-01
4.963034666104904624e-01
9.415347875569723968e-01
8.957876540979093916e-01
8.269382770199192878e-01
7.318774941773478204e-01
8.437333395869716091e-01
7.538860460656666707e-01
6.445479608447288733e-01
5.207212151996739591e-01
9.437072034824378619e-01
8.971634734046504134e-01
8.211198069608968142e-01
7.096796128017598404e-01
8.260199142295948649e-01
6.588036156173238123e-01
4.548962929524305587e-01
2.631380321808322043e-01
8.999198870339699674e-01
8.106129023901816888e-01
6.857942238896637122e-01
5.201914846505885093e-01
8.813326088539981118e-01
8.273134176846046461e-01
7.723197377704696942e-01
6.930460889462058960e-01
9.094546973009267621e-01
7.805141737237730748e-01
6.068089464334963656e-01
4.397648138160111797e-01
8.452813398497242003e-01
7.318924821949177595e-01
5.893643638511926186e-01
4.446919299352190547e-01
8.816795467664387820e-01
7.846022973319676241e-01
6.101936037162257742e-01
4.824352553699186030e-01
8.193558387769225293e-01
6.853153986816110654e-01
4.610651780846622971e-01
3.362001601650922988e-01
8.645353945170436427e-01
8.117420968898345635e-01
6.053408114115628180e-01
3.443485737588155571e-01
7.695444244009822521e-01
6.350846360685019620e-01
4.785633931596317558e-01
4.103424220865848904e-01
9.667493658013911473e-01
9.285106422252497049e-01
8.854496453087954411e-01
8.495223014051586086e-01
9.145938608098415079e-01
9.532243652535512535e-01
9.744698222006370480e-01
9.858329919626966920e-01
9.936507281526721913e-01
9.647622781383982105e-01
9.498449659592486105e-01
8.305247632205545738e-01
9.783461895732030733e-01
9.631173310080534122e-01
9.140142423479959977e-01
8.387497988643171087e-01
7.164102386767788877e-01
5.861715285835984446e-01
4.563698700541973241e-01
3.388642916053964949e-01
8.962441137941433711e-01
8.214369922746321828e-01
7.149310911329549434e-01
5.855579450251136020e-01
7.432029483942295123e-01
6.167902083315792705e-01
4.825457080162262602e-01
3.614146585391801447e-01
9.477049340201069150e-01
9.062979729969611320e-01
8.374073192225705009e-01
7.354765175606178262e-01
7.119782050319496403e-01
4.980782849859826666e-01
3.062228895598683165e-01
1.718103852802329579e-01
8.254272228429343494e-01
6.988419918807486919e-01
5.336679851380207174e-01
3.682684682997411918e-01
8.255161643997015464e-01
7.785501405144665821e-01
7.338253176533410249e-01
6.747324764362654381e-01
9.580344312100176341e-01
9.075750783792686516e-01
8.284338489901896807e-01
7.271730718306548269e-01
9.046072757176598644e-01
8.656403267087378062e-01
8.034479630606335965e-01
6.986495635823178896e-01
9.211952742671765115e-01
8.671025447089454330e-01
7.520504019305803700e-01
6.553241718295886864e-01
8.293910028741960927e-01
7.577686324166863496e-01
6.892390052574077774e-01
6.063359936173344789e-01
9.576051479644952513e-01
7.831682119383783780e-01
6.762237117361939998e-01
5.484532768656391610e-01
7.205064862166438155e-01
5.644188089810368014e-01
4.175554909813251059e-01
3.091209582101672182e-01
9.799517373851460711e-01
9.573617856585721064e-01
9.300490110125680943e-01
9.000078415020239531e-01
9.084890530392446539e-01
9.511212820384674638e-01
9.736952013241491066e-01
9.840760335215590349e-01
9.932616828148731480e-01
9.675060929793813935e-01
9.520709435303287282e-01
8.474401248033440748e-01
9.771545487037407440e-01
9.697212527852797637e-01
9.118875791729025293e-01
8.786497857279549351e-01
8.491032510831278968e-01
7.616879783811628668e-01
6.569562918322372491e-01
5.372358825337117949e-01
9.490267738692167443e-01
9.076815752182871844e-01
8.474324574540802457e-01
7.623551527856855525e-01
8.630020563990873361e-01
7.800325781052896978e-01
6.813054374650319156e-01
5.630529635962658874e-01
9.545542185024681325e-01
9.159362002181075102e-01
8.483661345216374494e-01
7.456467543286112720e-01
8.460638667283445491e-01
6.945185924323883375e-01
4.991289196824132413e-01
3.011611923788327094e-01
9.131687697222112821e-01
8.412988050095135950e-01
7.214727209932866314e-01
5.677715051840392935e-01
9.023969453555207298e-01
8.446747329212379585e-01
7.796239708365847454e-01
6.615074523898505365e-01
9.358526630073632502e-01
8.299782068118132239e-01
6.577430730287977534e-01
4.603275201349310564e-01
9.013521715788828104e-01
8.138604529605454330e-01
6.602872702942719219e-01
4.619780189595720232e-01
9.149540832241304100e-01
8.325157865037633442e-01
6.737333239227264459e-01
5.290030280880340108e-01
8.663409632921125203e-01
7.693055811240775421e-01
5.439504989700127968e-01
3.327822881205632077e-01
9.530683076069175197e-01
8.538444903325174140e-01
6.058034175222459794e-01
3.967570655796932577e-01
8.059379310714555045e-01
7.100301912673664395e-01
5.094968383975533310e-01
5.882159565129481127e-01
9.632325844891888034e-01
9.288233715474273344e-01
8.963690397706568502e-01
8.545731955944279035e-01
9.176519292182141463e-01
9.545642753618256426e-01
9.725791685131859321e-01
9.842265272938887088e-01
9.932288708216165940e-01
9.602003908192870973e-01
9.526552573134070556e-01
8.040381764400822417e-01
9.820655117783715360e-01
9.638287804525345059e-01
9.267966385039796418e-01
8.375111999269420071e-01
8.202830373543863463e-01
7.532107624892171449e-01
6.919023267112661690e-01
6.357617914050650576e-01
9.210388843062684572e-01
8.745027107657221688e-01
8.151133536200189100e-01
7.494637215012183162e-01
8.335358969472687063e-01
7.673988328607760367e-01
7.051127490647749463e-01
6.442018742638845330e-01
9.655511843333967059e-01
9.510596251640222043e-01
9.294538483973937559e-01
8.973142994323368704e-01
8.170735755170851489e-01
7.111534270922276191e-01
6.181199792943724569e-01
5.224575052405638909e-01
8.927169825648207935e-01
8.220843230425195491e-01
7.215023029489593398e-01
6.329620799677972975e-01
9.393081624755873493e-01
9.238208935184049064e-01
8.995271643114891580e-01
8.605134765868475144e-01
8.600720698380185381e-01
7.061047737535589564e-01
5.615601591149390615e-01
4.322989126490167089e-01
9.689054244853738673e-01
9.449851499778650910e-01
8.659716736940181736e-01
6.919751306511185973e-01
9.561748789871544751e-01
9.145389326553020615e-01
8.276153307949334348e-01
7.183189504863610741e-01
9.663437066141173926e-01
9.473286651799950331e-01
9.285661453061725412e-01
8.695301414184920530e-01
9.862858193666754758e-01
9.352702260666584388e-01
9.176685337628254224e-01
8.993651069764427852e-01
9.409362425497614923e-01
8.727177636842200492e-01
8.887319781041109756e-01
7.869479838365349700e-01
9.773174303307067268e-01
9.642651078894287631e-01
9.463473064815046687e-01
9.268237266397492125e-01
9.004996278087999961e-01
9.502779122166912229e-01
9.747698988943220844e-01
9.866770840725278546e-01
9.660498601748848113e-01
9.348802655212471446e-01
9.104892090853219377e-01
8.207795533921606879e-01
9.587139309051544434e-01
9.199573077107723318e-01
9.099115546250664543e-01
7.881560670100170585e-01
