3.007379483937221920e+01
2.699810253076053357e+01
2.401624378190573950e+01
2.101569019847670461e+01
3.023200940270336901e+01
2.720403553344577574e+01
2.424785955329856435e+01
2.123075637882601896e+01
3.005138851778674081e+01
2.698661730119552971e+01
2.400426031447559438e+01
2.102198795365764283e+01
2.992004077539304063e+01
2.684701180126091913e+01
2.408741495813749722e+01
2.095447916424824442e+01
2.999761961030365853e+01
2.500899670225047799e+01
2.001920413944197819e+01
1.501667535712991608e+01
2.998469998447061613e+01
2.692870978961929040e+01
2.404319399297198601e+01
2.099132734589318972e+01
3.026628232338245539e+01
2.712802121682406664e+01
2.406973249559720784e+01
2.112966291430717902e+01
2.918568023358573882e+01
2.533689333725840243e+01
2.281948558702633534e+01
2.108327703789144891e+01
3.014115995968190731e+01
2.694139562901132123e+01
2.404905382827267957e+01
2.104529972702727036e+01
3.026359520809064207e+01
2.705715120427266029e+01
2.392539126841872132e+01
2.090007532368590049e+01
3.009013488488303167e+01
2.717821218227295077e+01
2.403128689746662161e+01
2.106276379273602473e+01
3.108244006292799710e+01
2.718525155076384792e+01
2.392946822430408815e+01
2.131236791783265261e+01
2.949800390516898574e+01
2.707055599750917452e+01
2.431791058686389206e+01
2.078167010334166420e+01
2.975467438808526310e+01
2.708609966243262335e+01
2.535770740405816426e+01
2.356436569508453616e+01
2.446758424727261882e+01
2.523966166373115882e+01
2.535222352160110049e+01
2.568928313638118510e+01
2.813080360867910557e+01
2.213032709852334534e+01
1.858839073708205092e+01
1.627094311935070792e+01
3.000549998646737748e+01
2.797761000730646685e+01
2.350812542124905491e+01
2.196090075679805764e+01
3.009071540095198571e+01
2.707292637641244681e+01
2.415015550521324172e+01
2.127826643084027580e+01
3.030483655482928995e+01
2.733897887635372825e+01
2.453781309118904375e+01
2.170564078797387708e+01
3.011686703428506462e+01
2.708068676766497873e+01
2.414389759745611030e+01
2.130586735513221086e+01
3.013868802041094597e+01
2.712965654319873821e+01
2.407867009484544241e+01
2.099741869314532750e+01
3.002955891289913026e+01
2.512596138462143003e+01
2.035212608251575972e+01
1.564608777066311696e+01
2.845090419351124922e+01
2.535511406627779962e+01
2.233264063541675171e+01
1.941116063853162643e+01
3.133697249121556538e+01
2.672925351853377407e+01
2.403123209218296452e+01
2.121052819740802420e+01
3.492662273983329158e+01
3.105482350181335960e+01
2.829565545650473268e+01
2.602368118511938277e+01
3.322217721899625786e+01
3.080584960978990594e+01
2.779010971757533355e+01
2.184461712000201672e+01
3.317304962817268432e+01
3.034204938153894560e+01
2.700869421792688030e+01
2.512090378240559474e+01
3.008505564533157894e+01
2.714358029859484844e+01
2.413900104919590817e+01
2.133626778817879099e+01
3.051866250968562611e+01
2.670808047813120112e+01
2.399178083437219300e+01
2.038293748603935640e+01
3.025636308939763808e+01
2.747825043368530729e+01
2.375317837173333757e+01
2.122043408156503119e+01
3.386819153532859161e+01
3.109172842567437201e+01
2.997916547279590560e+01
2.802184168013377885e+01
2.532855564915436375e+01
2.524681744257324567e+01
2.488206725061311175e+01
2.562323531334035920e+01
2.813681585327334034e+01
2.222601773835391725e+01
1.860235963736914755e+01
1.693692701807522383e+01
2.773147616275098315e+01
2.554268957814217345e+01
2.103500171037435251e+01
1.952392257731276715e+01
3.016258368116986688e+01
2.711420375030768071e+01
2.415410267891626006e+01
2.118444621679430284e+01
3.037568089837234453e+01
2.737151458677065463e+01
2.445728908299002669e+01
2.150844968530734391e+01
3.017252194763955231e+01
2.711366629619905666e+01
2.415373672606435917e+01
2.121538797558171296e+01
2.994759777560780023e+01
2.712892857065678953e+01
2.412229415530255849e+01
2.110696321214931004e+01
3.007902685286738631e+01
2.513956358069627228e+01
2.021726707080129160e+01
1.531747378308800656e+01
2.915954474519728024e+01
2.607301478100772130e+01
2.304838060761511187e+01
2.005681062499227352e+01
3.028490122800265993e+01
2.702517341271415319e+01
2.430252443028400933e+01
2.110277897812417081e+01
3.576923156486774502e+01
3.184006283177023278e+01
2.890860012699518222e+01
2.641692688289953495e+01
3.577857753773202631e+01
3.267968723631085481e+01
2.888337270688953851e+01
2.296654331298666563e+01
3.463594851187507828e+01
3.138399478065398540e+01
2.720981078457635149e+01
2.345923614432573601e+01
3.008379438219772695e+01
2.707933425065855459e+01
2.408690469937775447e+01
2.111363388219178816e+01
3.063150692465633185e+01
2.717467260788577832e+01
2.428892577702696087e+01
2.055692597641782271e+01
3.002214477095677481e+01
2.714181558801476157e+01
2.410398422815891095e+01
2.056981051347700173e+01
3.348895612028195501e+01
3.078620265316962445e+01
2.959668338730568848e+01
2.821985601475117988e+01
2.480163565103371326e+01
2.585577160880411896e+01
2.568877049552457947e+01
2.592767378041855864e+01
2.818856744066806641e+01
2.231325460285975737e+01
1.866883327097593437e+01
1.656130400269718095e+01
2.931587577419846724e+01
2.603762668216242560e+01
2.328719477098255197e+01
2.002122919906529930e+01
3.007339565861882846e+01
2.700650532371660617e+01
2.404928784998434210e+01
2.107956518294646386e+01
3.028150865709072903e+01
2.721255366415246257e+01
2.426348514054803474e+01
2.130523180574623865e+01
3.008428480423547313e+01
2.701679558834203831e+01
2.406325602839073596e+01
2.108152794783363149e+01
3.004528289990368961e+01
2.721233190300571891e+01
2.404318658123080965e+01
2.085768653912312587e+01
3.000696089006623168e+01
2.503358034285101041e+01
2.009849907845372030e+01
1.517466025425300913e+01
2.931610609862544692e+01
2.652932031283278747e+01
2.349215236238450188e+01
2.046997581309062397e+01
3.030746715346070630e+01
2.729994995328918961e+01
2.358076347123986949e+01
2.069693257252868435e+01
3.719399713620554593e+01
3.323398756268620957e+01
3.013559989835043496e+01
2.739127311591686720e+01
3.482902842762234030e+01
3.266756006000160539e+01
2.976163204256891959e+01
2.403620898508382453e+01
3.501466816849288222e+01
3.195514878662469727e+01
2.823462652767643277e+01
2.287169694811004916e+01
3.006599845510123359e+01
2.711568350553811513e+01
2.396116216919345376e+01
2.099659341444388616e+01
2.973356985250568485e+01
2.720253880961170267e+01
2.402317350697691012e+01
2.153294436665276734e+01
3.008772936250492691e+01
2.707224224190098028e+01
2.420892963043459645e+01
2.088513342758191982e+01
3.668841808959641781e+01
3.307909536215174029e+01
3.178664244783583825e+01
2.981362241281052761e+01
2.673819399866638946e+01
2.676016657429838119e+01
2.622784410928265331e+01
2.609581795899956091e+01
2.813467325263247432e+01
2.215271124779671652e+01
1.859419192956290345e+01
1.642643799114399528e+01
2.986327109813734637e+01
2.771318879792206147e+01
2.321122272102716266e+01
2.169598388519905541e+01
3.014020191331328036e+01
2.712924439437221480e+01
2.420772294779143152e+01
2.128530783955733696e+01
3.034205991777341183e+01
2.731046105923445211e+01
2.439770775468497632e+01
2.151531878327894987e+01
3.013842170842300661e+01
2.715083874785598184e+01
2.419673182280904911e+01
2.128790887015843225e+01
3.007427537912523263e+01
2.697615804546332541e+01
2.401555541066830202e+01
2.105798877463184482e+01
3.007697323999042283e+01
2.516969748063548806e+01
2.033804781666544415e+01
1.555692233290608861e+01
2.850829765112312941e+01
2.552474779506917457e+01
2.253923331331134250e+01
1.954442797827542222e+01
3.021925701700255473e+01
2.709474155578182319e+01
2.377106142682725576e+01
2.101748483246966615e+01
2.844247425148651232e+01
2.433200687331689238e+01
2.128224111374655081e+01
1.898781951580738081e+01
3.131756833084564207e+01
2.762059897234649242e+01
2.317850968500543019e+01
1.868843303982241366e+01
2.982428972066515627e+01
2.616637893453271246e+01
2.250782140531234887e+01
2.000904933972361732e+01
3.001476326185610333e+01
2.708898931214363159e+01
2.407926793916162822e+01
2.103067083703301066e+01
3.031020345117678971e+01
2.711987726166465507e+01
2.420418945803973187e+01
2.012980818442257203e+01
3.084350754456353627e+01
2.690722105975694234e+01
2.423063114014339448e+01
2.082388154529651558e+01
2.750102809866018561e+01
2.420709761123717030e+01
2.228231032173297521e+01
2.022899645165093219e+01
2.163543758263564243e+01
2.321081867976588242e+01
2.448072507230114070e+01
2.494111160611186051e+01
2.818098632504944945e+01
2.233695150254504114e+01
1.866413151784508528e+01
1.683683639434173074e+01
2.818754068178470717e+01
2.526316844895396940e+01
2.215333807203603200e+01
1.923287119176668369e+01
3.020834461859076470e+01
2.715202552337784070e+01
2.418348624429934901e+01
2.118016423105953194e+01
3.035152749190542920e+01
2.728764251693318599e+01
2.430285360981793730e+01
2.132989042715782091e+01
3.019496663853831819e+01
2.715825131216693578e+01
2.419228434120844895e+01
2.120340246844650522e+01
3.010488757334136523e+01
2.704201076611379406e+01
2.388326919571148466e+01
2.121469340991921371e+01
3.013650680060787579e+01
2.516668480008055298e+01
2.019655627283597354e+01
1.526026999039420318e+01
2.924706499319721686e+01
2.611613963913100633e+01
2.320748013121647446e+01
2.019477566713082695e+01
2.996937254401995787e+01
2.734876754285991751e+01
2.434668624252558544e+01
2.132630090177368842e+01
2.905858661886087901e+01
2.523184621267232330e+01
2.275104651664900857e+01
2.097752276988475018e+01
3.096481607570881422e+01
2.749497439050891145e+01
2.409350876986819401e+01
2.038184226384022324e+01
3.078156585488167707e+01
2.737319550408060209e+01
2.393078896249184240e+01
2.117498012804860252e+01
3.007954257025747680e+01
2.711174656972909958e+01
2.404019746348380338e+01
2.105427008249621679e+01
2.936808218703802709e+01
2.687659162523690526e+01
2.440928703634817154e+01
2.104588950535535474e+01
3.066272110489683911e+01
2.733767334969753193e+01
2.397361553773970400e+01
2.088237928539835764e+01
2.898208846093722002e+01
2.579735877842276537e+01
2.440835228864087014e+01
2.283895777944220384e+01
2.368518811979513572e+01
2.462902606844366105e+01
2.499910154163424636e+01
2.529073689597049679e+01
2.839591472846670328e+01
2.212451520024274743e+01
1.898281898558033376e+01
1.616394508884444292e+01
2.812913861106033053e+01
2.451511975267130694e+01
2.194135119685538982e+01
1.849602665190334605e+01
3.007471380861037957e+01
2.702471683814338377e+01
2.405512953184306468e+01
2.106067826852976310e+01
3.027236196737207763e+01
2.724193630574391278e+01
2.428976261861919639e+01
2.130159007272466454e+01
3.007015324286427926e+01
2.703839927050951530e+01
2.404686772250605031e+01
2.107408120307177768e+01
2.986657180588979443e+01
2.692842529917464844e+01
2.383633273061527547e+01
2.098641615038507524e+01
3.001305235606238142e+01
2.504087527419141779e+01
2.007090255365014997e+01
1.511659145992152276e+01
2.971066931106207321e+01
2.670411929547065100e+01
2.361127727562112000e+01
2.068233118833272499e+01
3.031924892193150356e+01
2.706957898153516595e+01
2.371227560587502836e+01
2.145550483647701867e+01
3.437255842169476239e+01
3.004901500578427331e+01
2.623336366363169248e+01
2.265627960560034992e+01
3.479445690134335933e+01
3.144963872556083473e+01
2.758711783940063000e+01
2.266057412806515714e+01
3.380698299327617207e+01
3.038622106066819484e+01
2.611635110343099697e+01
2.285610006812461492e+01
2.996492064968076718e+01
2.708879265470096698e+01
2.403770220176212646e+01
2.093187823162687167e+01
3.071061614019692243e+01
2.702045723735091087e+01
2.374953820966625528e+01
2.100262761195708094e+01
2.993060849767374521e+01
2.713268503970028078e+01
2.404840407060935803e+01
2.123915463302601481e+01
3.184405524046936975e+01
2.856269904558272898e+01
2.653754558411563025e+01
2.505137165717819769e+01
2.434574469625989224e+01
2.500062935512082163e+01
2.522643724272324661e+01
2.583885859006559826e+01
2.813805290390563840e+01
2.218018679520112357e+01
1.860492992594877393e+01
1.635493458537213485e+01
2.945920042692588936e+01
2.714146959177108442e+01
2.314346949175669721e+01
2.112289116488907581e+01
3.017232942751618907e+01
2.713529578249836405e+01
2.416714993848754744e+01
2.120754751083807577e+01
3.035200513966285030e+01
2.730782465244828217e+01
2.434643489506586889e+01
2.135265451354509736e+01
3.020899628477731369e+01
2.715489269343974854e+01
2.415741138680296274e+01
2.119127241224287417e+01
3.018048011489689841e+01
2.713835651384388825e+01
2.413485610893516053e+01
2.119671674930875582e+01
3.011856522700738736e+01
2.516001422824751188e+01
2.022408715555019754e+01
1.534366107109828725e+01
2.919871864013863316e+01
2.596732692466576964e+01
2.297966474234371859e+01
1.994078633495200847e+01
3.009114369835707947e+01
2.714003160756333699e+01
2.433253834575723218e+01
2.145831545795746820e+01
2.683180131024898429e+01
2.278149061411945198e+01
2.001894330274586054e+01
1.796536820529142275e+01
3.128019568831050279e+01
2.794368969998851426e+01
2.399663121163662183e+01
1.932973269459312604e+01
3.025964554632432169e+01
2.648122476537572112e+01
2.281493652466093280e+01
2.038678820884010889e+01
3.009869706432613867e+01
2.692039853002664884e+01
2.404338000883573656e+01
2.096676798071482040e+01
3.113168942448944421e+01
2.666511960469028608e+01
2.397156803202928188e+01
2.169230996790931698e+01
2.948769264728622375e+01
2.681294968544255752e+01
2.435270286645995341e+01
2.100204812890229533e+01
2.666275745235005346e+01
2.322673020357852636e+01
2.216421152912723613e+01
1.997502514593894318e+01
2.129311664643149982e+01
2.300035401546374914e+01
2.412504529908920858e+01
2.477326679138052157e+01
2.835874986503261752e+01
2.211933186134069018e+01
1.898552457439221897e+01
1.619405653662264299e+01
2.757514662959463436e+01
2.400977934006814607e+01
2.172934461284933150e+01
1.800887248189285472e+01
3.007277945362073979e+01
2.699092883058961334e+01
2.400378683382997735e+01
2.099586238771257740e+01
3.023378226794618229e+01
2.718345467408556715e+01
2.417010434711130529e+01
2.116257902741260111e+01
3.006879160908713544e+01
2.702780334669377993e+01
2.401142302410406515e+01
2.099914142566964870e+01
2.995900519155988917e+01
2.698074886975843611e+01
2.402530605948864206e+01
2.120745125768658923e+01
3.000044804956427669e+01
2.499917761881368605e+01
1.999248423505400041e+01
1.504497738168310406e+01
2.983171368786472044e+01
2.690079810953947970e+01
2.386863197130156777e+01
2.086573000059632221e+01
3.026478329872223583e+01
2.765630926877655327e+01
2.428132640164452027e+01
2.159358959435864733e+01
3.306020086838425698e+01
2.883645427159782315e+01
2.547843118649464245e+01
2.264685277231333060e+01
3.426109939912208091e+01
3.121182291609603610e+01
2.779224441712219829e+01
2.316189924350630491e+01
3.358571595826177258e+01
3.024023982560006019e+01
2.618853209728508347e+01
2.335158332441000084e+01
3.008038616313118396e+01
2.709380965238876371e+01
2.398211020922772363e+01
2.100344650535802060e+01
3.145146806849308163e+01
2.670607007845312708e+01
2.391854479939701150e+01
2.110791675299637404e+01
3.004603918121011930e+01
2.688126924039566745e+01
2.431563779297962924e+01
2.075028117399019933e+01
3.102878266425071274e+01
2.766871309264119816e+01
2.631873296453246169e+01
2.443894117425179502e+01
2.353569585869530556e+01
2.460875681967373296e+01
2.503102659726826573e+01
2.550638931819151267e+01
2.813760509144610822e+01
2.212444335813927410e+01
1.860724151742207866e+01
1.616689596012011165e+01
2.858085534413353557e+01
2.646092823732528387e+01
2.205077587122254457e+01
2.044348258934457263e+01
3.010529754828181126e+01
2.703015872864101254e+01
2.405198217976453634e+01
2.103323343868309081e+01
3.027765445484181939e+01
2.717912961110869574e+01
2.420996472557441237e+01
2.119521323533192358e+01
3.009208982566660495e+01
2.704769557293015225e+01
2.403234156833816826e+01
2.103241991146736467e+01
3.029532842322402075e+01
2.737071797821488417e+01
2.439386200765521906e+01
2.150198968002800370e+01
3.003030550501856411e+01
2.503535765656148726e+01
2.001982413018207296e+01
1.498120689175200582e+01
3.005982187743239820e+01
2.705488522529627105e+01
2.404425724923976304e+01
2.109343786002263954e+01
3.026356211997228129e+01
2.728738056813433133e+01
2.410375647510369035e+01
2.131724893575407620e+01
3.365410342368087271e+01
2.952738525491457722e+01
2.643390315083566833e+01
2.393029101099302025e+01
3.416169078274012350e+01
3.097078744737748934e+01
2.736579729117119797e+01
2.327694326438687966e+01
3.395783463600243834e+01
3.058911735421920497e+01
2.657000431016801656e+01
2.372235147892639873e+01
3.001216893785517215e+01
2.708335066042415917e+01
2.395818794071923108e+01
2.099296841659023727e+01
3.141321385626984863e+01
2.695781721356781091e+01
2.379566388675195299e+01
2.083194207080583737e+01
3.003356416928795269e+01
2.713631475203498411e+01
2.431042472914927544e+01
2.024927568880817574e+01
3.040688421630628469e+01
2.743695275564078884e+01
2.590084767284768574e+01
2.483995563136461016e+01
2.389993706765668691e+01
2.461651330847306340e+01
2.493971218593703298e+01
2.566069142105009604e+01
2.819683511765440898e+01
2.212190541667435539e+01
1.867418166340983277e+01
1.618844527356365504e+01
2.985712345682219393e+01
2.716997760619087643e+01
2.366521314081540339e+01
2.113562057586433340e+01
3.013755905388833511e+01
2.711627273915855696e+01
2.419137561818347493e+01
2.125878974861848292e+01
3.035823606985493939e+01
2.734131600050722710e+01
2.442171232600342989e+01
2.149981520153898984e+01
3.011381600496539690e+01
2.713789538316420646e+01
2.416592407376800722e+01
2.126973815279266944e+01
3.027444907022509568e+01
2.724351900114489666e+01
2.426787626751528393e+01
2.134002680184614675e+01
3.006977200220810431e+01
2.516828520088902010e+01
2.029937146413780980e+01
1.542780430296245342e+01
2.897473371686197652e+01
2.583654466927718474e+01
2.280383351062003428e+01
1.979968545791103196e+01
3.003711592782706674e+01
2.695688894364452182e+01
2.392390315740902196e+01
2.090410990821050063e+01
3.044646452936756376e+01
2.661046289657526742e+01
2.396826857709964642e+01
2.196770752749663558e+01
3.180862334712236006e+01
2.852162608331382643e+01
2.489026243239900538e+01
2.054761553091335458e+01
3.133925543152973603e+01
2.800023434784106513e+01
2.451218543140338824e+01
2.158155300428046530e+01
3.009562218968429903e+01
2.696904081410635712e+01
2.411682140059699009e+01
2.110666479417651686e+01
3.209592745470843056e+01
2.682294018210603070e+01
2.394383906051421462e+01
2.100422815305727298e+01
2.952300365537068672e+01
2.717982872334447819e+01
2.372221633723477652e+01
2.133929186968211411e+01
2.822958630842697403e+01
2.605519216360815449e+01
2.424619589656090568e+01
2.306577365368266896e+01
2.343578044398398319e+01
2.473385950665853983e+01
2.514981456173650187e+01
2.546578683553833855e+01
2.813922058997383147e+01
2.240724386565716841e+01
1.860588368887600907e+01
1.687639129219731160e+01
2.913727738972796288e+01
2.659493156677777392e+01
2.307338315169882392e+01
2.058783883802497883e+01
3.011371592174803169e+01
2.704773625465301023e+01
2.404864780822812875e+01
2.107018052098331040e+01
3.026629737282829069e+01
2.720236197490201846e+01
2.422951970852455972e+01
2.122617647962944076e+01
3.011837182571031235e+01
2.705431788084458944e+01
2.403625797342396808e+01
2.108595032654246282e+01
3.007581871819958153e+01
2.711363809990105622e+01
2.418099113744747086e+01
2.139601849546343360e+01
3.004787991300429439e+01
2.506029305046774169e+01
2.009003690660401631e+01
1.524673269809827936e+01
2.934176566067822378e+01
2.624939658641458706e+01
2.330825341785491389e+01
2.029422772186008928e+01
3.019371603202843346e+01
2.698756807587157169e+01
2.419559448753887310e+01
2.121710071055773739e+01
3.311030896912135546e+01
2.910927992538668718e+01
2.618252999265988734e+01
2.360003577576777190e+01
3.378372440643044428e+01
3.121441075623767603e+01
2.818621025534265812e+01
2.315301668061318452e+01
3.407110113215965441e+01
3.080287022052822010e+01
2.677547954749090664e+01
2.332338705429842918e+01
3.001927794403481542e+01
2.698075870094951512e+01
2.420071540942345578e+01
2.108410048293688632e+01
3.206432029863037059e+01
2.689882231499638721e+01
2.378343174476370336e+01
2.114593660744735004e+01
3.046652782722358666e+01
2.701471837521108910e+01
2.403830080298721938e+01
2.057430535216428069e+01
3.248411564044234012e+01
2.878735277954026373e+01
2.767368173528783615e+01
2.552620458943818704e+01
2.337432683449251059e+01
2.461147403127205990e+01
2.503073303928395177e+01
2.530838376636596720e+01
2.823266903043845844e+01
2.211180751334145356e+01
1.876310114138989960e+01
1.611266752728302620e+01
2.814626825879070893e+01
2.574901614155420049e+01
2.164768432894128480e+01
1.973878511904080213e+01
3.012959379537668880e+01
2.706782309699633515e+01
2.407337214005833204e+01
2.111919797157620593e+01
3.028833347951174559e+01
2.725778843180771105e+01
2.430570672077140060e+01
2.136687006780896780e+01
3.013919695788054298e+01
2.705896640385166307e+01
2.409254772250079668e+01
2.114201344771830549e+01
3.031638853705111103e+01
2.724210383819075432e+01
2.431890889933708877e+01
2.119411144727996188e+01
3.005901486788626542e+01
2.508464033274684368e+01
2.014755649313467956e+01
1.529283634597583230e+01
2.919901289124777222e+01
2.608625306074186767e+01
2.316117969250098696e+01
2.010390085714126585e+01
3.019217792823040014e+01
2.728351169069877358e+01
2.425961035365448737e+01
2.098822575186625983e+01
2.621767161901210130e+01
2.268641274945313668e+01
2.047977485145019116e+01
1.900745578515791578e+01
2.882197854929415470e+01
2.522889351020105408e+01
2.185012486198889547e+01
1.866206959733887771e+01
2.811134222673953431e+01
2.467830730735922629e+01
2.187049758813398626e+01
1.955471665526328806e+01
3.009739269216991531e+01
2.709137006588711927e+01
2.402243328777049669e+01
2.107961668230174013e+01
2.985744286673154946e+01
2.678753982771215547e+01
2.465693310764006441e+01
2.072006985170936133e+01
3.043299668102969946e+01
2.683701771440940576e+01
2.364129083246983498e+01
2.075860747865552014e+01
2.541936893996939517e+01
2.268817794904094853e+01
2.175265601711158325e+01
2.023012164715625261e+01
2.342810655919382512e+01
2.457226539575968616e+01
2.514800902342720690e+01
2.554004198251358559e+01
2.824036461869556902e+01
2.214477949284038516e+01
1.874355562696250743e+01
1.629193882258001480e+01
2.875115779378212366e+01
2.541138119624358183e+01
2.255325669573218761e+01
1.939268489131078965e+01
3.008666219638032047e+01
2.702937902073607646e+01
2.406383385837952105e+01
2.111895297991372900e+01
3.028498671406661913e+01
2.724969878547277347e+01
2.429630806918257591e+01
2.136371921397743989e+01
3.011539241644864617e+01
2.704782634106554440e+01
2.407732741753985550e+01
2.113150668936665255e+01
3.014779078497010545e+01
2.711806517924620863e+01
2.412399000213927280e+01
2.120237235182196400e+01
3.001773762282419966e+01
2.505418564698108952e+01
2.015492901713039231e+01
1.531888435614901134e+01
2.909176600836268634e+01
2.613841222703664258e+01
2.315313166415757351e+01
2.010838235986349076e+01
3.027984422204406201e+01
2.718216985335942226e+01
2.407169862938282634e+01
2.066427337559062138e+01
3.073431194622673246e+01
2.675157765975846047e+01
2.377779516631666112e+01
2.145108151447590217e+01
3.109559226711398949e+01
2.790220270994194607e+01
2.456026273354496325e+01
2.062582496844285629e+01
2.978981535073186393e+01
2.675211226765627970e+01
2.346081596262421698e+01
2.087069820749913873e+01
2.999294637610891456e+01
2.695709775617224579e+01
2.402196076633241262e+01
2.096679569439048763e+01
3.015390436442176991e+01
2.652087445548069411e+01
2.417988237445393906e+01
2.114603135940871326e+01
3.042686589430160637e+01
2.688600679354478018e+01
2.384648448470936799e+01
2.163811847942776012e+01
2.842912014705900248e+01
2.525846334004457461e+01
2.357944556168111916e+01
2.180439002236540347e+01
2.331120663267933679e+01
2.449771113878495044e+01
2.516657503441423671e+01
2.545714122502041121e+01
2.814333832139681491e+01
2.217390061420065095e+01
1.862795175822029492e+01
1.642044878250587558e+01
2.750851567471807613e+01
2.521767228264082661e+01
2.138891903381429316e+01
1.920122048564551065e+01
3.026188831047312178e+01
2.725169070788035697e+01
2.433508911479627912e+01
2.145427120303846991e+01
3.038967230306460721e+01
2.740161996446261483e+01
2.451394509468376270e+01
2.166582516581001983e+01
3.026271442818433144e+01
2.723067426032718785e+01
2.431915293420999191e+01
2.143842950929767710e+01
3.003165546596495616e+01
2.713336618074521667e+01
2.427996607271857954e+01
2.158295147547341486e+01
3.018833629193832024e+01
2.529452723499968414e+01
2.053529512062254270e+01
1.587000164032043692e+01
2.803720928683258151e+01
2.489625184016187021e+01
2.192613682902784333e+01
1.891261135837302021e+01
2.982969816316824208e+01
2.773669429026594457e+01
2.423153323465599129e+01
2.033745684184318492e+01
3.430596802140988189e+01
3.043668126491366976e+01
2.741667275445983520e+01
2.462463774309062714e+01
3.413589183378730496e+01
3.131263540366782649e+01
2.748436644923301841e+01
2.100420600707564489e+01
3.367787304100770029e+01
3.073558523114518692e+01
2.708318659593157562e+01
2.339244449839860707e+01
3.006054326196549553e+01
2.706699095168865554e+01
2.402240618386831272e+01
2.091523138830635986e+01
2.988335217030869373e+01
2.656114759377815915e+01
2.404570508916135196e+01
2.134607124575280324e+01
2.998169899332615529e+01
2.704593331275992796e+01
2.397643992129453494e+01
2.109382746083518967e+01
3.283991406463932350e+01
2.973053510173733827e+01
2.875685273462588398e+01
2.697634599919212661e+01
2.325106016277947418e+01
2.399517815767147155e+01
2.406703588696066731e+01
2.503561798750241252e+01
2.839331840494670445e+01
2.231323593126579397e+01
1.896731972122232790e+01
1.679945792028037488e+01
2.908535835022030724e+01
2.352458467977998069e+01
2.344420936320993221e+01
1.753906169950654004e+01
3.008165278283933119e+01
2.700971058504077149e+01
2.401553160381961050e+01
2.098947047529043886e+01
3.025205697622196510e+01
2.719348822671429389e+01
2.418892356792244414e+01
2.116153585068629184e+01
3.008198244834864710e+01
2.699714814285357178e+01
2.401432727317716953e+01
2.096168789352451967e+01
3.010952472713822203e+01
2.705938436380037970e+01
2.407994646471322753e+01
2.121974698589389163e+01
3.000826492598729800e+01
2.501077460721084833e+01
1.998399600638827067e+01
1.494736240219668133e+01
3.010170642073309466e+01
2.726634444541177515e+01
2.418895577154735221e+01
2.122746694941069379e+01
3.028692263189336487e+01
2.714634621956925642e+01
2.379044375455471538e+01
2.123194426989152106e+01
3.400343446859484686e+01
3.023318601509359382e+01
2.779649330952153008e+01
2.594475657631381083e+01
3.350898689441081757e+01
3.076735268370004306e+01
2.804798551357319170e+01
2.457494791587913596e+01
3.409197747722963356e+01
3.087447908211126446e+01
2.689911413274510465e+01
2.413332955768850496e+01
3.008219108404373898e+01
2.697958742031523727e+01
2.391087166400620845e+01
2.101742533382907752e+01
3.166653352518748576e+01
2.680612986540378273e+01
2.402102559534015569e+01
2.183102419221215840e+01
2.995715374909026707e+01
2.700911396446663204e+01
2.400501583808860318e+01
2.058334716440760914e+01
3.328247637995433195e+01
3.088269702460593891e+01
2.925491863494282896e+01
2.781418425846145226e+01
2.648644224079451703e+01
2.638248620951505785e+01
2.595356360516237260e+01
2.589774486317715940e+01
2.815689825290859005e+01
2.211639194471382552e+01
1.864830240116814508e+01
1.612568528599732787e+01
3.058204252126109779e+01
2.804916420317653447e+01
2.421449302452476715e+01
2.203180845762919304e+01
3.017676332501827829e+01
2.718449507372093166e+01
2.430820568175402130e+01
2.137070439371109387e+01
3.037165367958099083e+01
2.740071213442558573e+01
2.448929155369393484e+01
2.157771967359390430e+01
3.015891681865698004e+01
2.715769078327659969e+01
2.430250216871858626e+01
2.137719307723560291e+01
3.028265464812436747e+01
2.729306209438417952e+01
2.436330708022061486e+01
2.157649387830772270e+01
3.009898215111009279e+01
2.526058766788312937e+01
2.039930672538852718e+01
1.550092833952834681e+01
2.857619036173426608e+01
2.550141812549228248e+01
2.262324773916073894e+01
1.961392978100764140e+01
2.973749178753664424e+01
2.659217966956062895e+01
2.398239617440603411e+01
2.240832338702264082e+01
3.364068235915387106e+01
2.973713577986606538e+01
2.675944223557218749e+01
2.431376330052624013e+01
3.401263385225188784e+01
3.079073735724814043e+01
2.650939735904308492e+01
2.112501180441364923e+01
3.396619861277653740e+01
3.054532923893095031e+01
2.662253641422172734e+01
2.391943157863370573e+01
3.006540353045169667e+01
2.703300703761563639e+01
2.395508253639713203e+01
2.099079220068067286e+01
3.075647921981572352e+01
2.692461461177775561e+01
2.428280318049584352e+01
2.105673828451798713e+01
2.986975864928590241e+01
2.692167913893140963e+01
2.383644643394999818e+01
2.177051167163598677e+01
2.980940638111218988e+01
2.781197621438547429e+01
2.778312022055640185e+01
2.481248905618831202e+01
2.444512065782893018e+01
2.546972244962183751e+01
2.551338145270484858e+01
2.550311831510651928e+01
2.813585654280450044e+01
2.261312905107640248e+01
1.859470785599602038e+01
1.718730452729960589e+01
2.842272923762545034e+01
2.601856958229826944e+01
2.246356858208608998e+01
1.999571918096357592e+01
3.013389678461422605e+01
2.709296329456786623e+01
2.416408812585874699e+01
2.124109969714037760e+01
3.033623054876860436e+01
2.732174474731153069e+01
2.442698173196021827e+01
2.154767714829596770e+01
3.012993680426238186e+01
2.708705776308686808e+01
2.415344656134072210e+01
2.124903623032657762e+01
2.999116550260117009e+01
2.699947458266230171e+01
2.405567666435391061e+01
2.118771440379357074e+01
3.006028055068511762e+01
2.513719807002953388e+01
2.029565959955739274e+01
1.559265294782191269e+01
2.846459271085223364e+01
2.546662015299499160e+01
2.247129566765993047e+01
1.944361057255957448e+01
3.020675643593274984e+01
2.675717071454497642e+01
2.442812801416026502e+01
2.120553728429813134e+01
3.041784679636754873e+01
2.654867237957965642e+01
2.369125478480184199e+01
2.155364484430296912e+01
3.131924513397269649e+01
2.793248746168253405e+01
2.436970972216851550e+01
2.006466482219222058e+01
3.084093028392933888e+01
2.753368029339435452e+01
2.409766200801036717e+01
2.172837340426440988e+01
3.000715347615561157e+01
2.712551800391475254e+01
2.400596143860074605e+01
2.094831282162163433e+01
3.122889134514928244e+01
2.671935389340641009e+01
2.408349574887554212e+01
2.093943593736275943e+01
2.886685438607812415e+01
2.693916617717600559e+01
2.397839539327313929e+01
2.106727957399402129e+01
2.861529130280108291e+01
2.574551377940689534e+01
2.461107775129184461e+01
2.243707792890795716e+01
2.280095106880304456e+01
2.372632404139207196e+01
2.421715388539107749e+01
2.508586726424101698e+01
2.818542026277707180e+01
2.227503718809868971e+01
1.865491114691107200e+01
1.669495689633396651e+01
3.032397137416045751e+01
2.701974813746915061e+01
2.407856432204569330e+01
2.100226412093109118e+01
3.009888796961899260e+01
2.704560961055211976e+01
2.408093115552503249e+01
2.108727017073336185e+01
3.028585569619150064e+01
2.723549001740164144e+01
2.428091937792023813e+01
2.131196632937989932e+01
3.011886337512092382e+01
2.704238142219591268e+01
2.407189067060250665e+01
2.110822366072543943e+01
2.928108805461448938e+01
2.633151572173598609e+01
2.405694496777373814e+01
2.058269127807260546e+01
3.003645711704051280e+01
2.507233204368546708e+01
2.012401257905485608e+01
1.519038619257204203e+01
2.943927841697579595e+01
2.643131202955139614e+01
2.350147642296325046e+01
2.043849794794289920e+01
3.009641935905854027e+01
2.730575037594894283e+01
2.420800864557595133e+01
2.109574716335870903e+01
2.915293752185380072e+01
2.490590366523367294e+01
2.181866638445145057e+01
1.959607220840254982e+01
3.273142831791061980e+01
2.992804133721028137e+01
2.651725378855257631e+01
2.175287274994597198e+01
3.226072253718578509e+01
2.868470994600037471e+01
2.474907169555249453e+01
2.161865002006691938e+01
3.000526643260615600e+01
2.700665406899971543e+01
2.399020847598999495e+01
2.103319644903171692e+01
2.951182248760573756e+01
2.754519675272073442e+01
2.439755464488523629e+01
2.135482463641775652e+01
3.160596179155987784e+01
2.713554321283886495e+01
2.411459157870416092e+01
2.142419415252456361e+01
2.980766484688782825e+01
2.695954165393241198e+01
2.515839997394147787e+01
2.333636434773069368e+01
2.281778816452614933e+01
2.412098050845931851e+01
2.517140943609788550e+01
2.567094038451900673e+01
2.818887397845394105e+01
2.214067822853946765e+01
1.874869897563707255e+01
1.623779269637770994e+01
2.787586984921998123e+01
2.518046271363573041e+01
2.201293435843815871e+01
1.916474433708136971e+01
3.091452140626688561e+01
2.791463405037474033e+01
2.500852921594827549e+01
2.213100959159807957e+01
3.093247064464679141e+01
2.793742451268602878e+01
2.507764514459795890e+01
2.218702664388839452e+01
3.090669637258246283e+01
2.792195602000074928e+01
2.499031874015813415e+01
2.213437887093483525e+01
2.994737279654177087e+01
2.701930763818071313e+01
2.417566439849873916e+01
2.145002630544357558e+01
3.085631891819014783e+01
2.598959980393023272e+01
2.117980744454686004e+01
1.632938820632721644e+01
2.718202538955360481e+01
2.406522203243539693e+01
2.101398684733537081e+01
1.803427166886074318e+01
2.878839661044916198e+01
2.857653930694654676e+01
2.601347244480733423e+01
2.095022957250684570e+01
3.174227112127589479e+01
2.769994357665478191e+01
2.463515918065649757e+01
2.196670958047858946e+01
3.396113612155254202e+01
3.012221446856212026e+01
2.492766516839041202e+01
1.880733523613167080e+01
3.389930023499361056e+01
3.050771326042035980e+01
2.664300531574134112e+01
2.367164252800883162e+01
3.006222267022309325e+01
2.708776936877466568e+01
2.396561376113614728e+01
2.098270014177557741e+01
3.161662588417883413e+01
2.753740267888804638e+01
2.447897617890854605e+01
2.085769225063114618e+01
3.011176795501019399e+01
2.701600659853514230e+01
2.328101022176090140e+01
2.134757593116484031e+01
2.937078775674837061e+01
2.676577888179370035e+01
2.567444139907707523e+01
2.369010184116750040e+01
2.185000056907710331e+01
2.308813519688560234e+01
2.408892591706721120e+01
2.494683611670843248e+01
2.993917991350121355e+01
2.220250466363185637e+01
2.085614415505453678e+01
1.637946991891321247e+01
2.583727565928988668e+01
2.129880590720489408e+01
2.060192002117949528e+01
1.527947396173166084e+01
3.011320391767617366e+01
2.704184579192439486e+01
2.404557349966395918e+01
2.105781070344731276e+01
3.028335793173399182e+01
2.721382765427393480e+01
2.421843814697407637e+01
2.123962673240359678e+01
3.007801047384610982e+01
2.706361748903349351e+01
2.407239185114159241e+01
2.102994071243168861e+01
2.996204127334593537e+01
2.694597326326576692e+01
2.388858323758308444e+01
2.105762342308580060e+01
3.004021272932241260e+01
2.504742233131861084e+01
2.004854814249384987e+01
1.505267884321520810e+01
2.994808066411374980e+01
2.692926296920653684e+01
2.380705326938871735e+01
2.082473427170778635e+01
3.013423744736661192e+01
2.760024228862430817e+01
2.425104855457523101e+01
2.184890804025449640e+01
3.004327994582915551e+01
2.614635756553259682e+01
2.344192945975915521e+01
2.137504437203455154e+01
3.178725281016710014e+01
2.840912457109316591e+01
2.491437707586227290e+01
2.130461388837808556e+01
3.123389549428893375e+01
2.800082535469301348e+01
2.452026738169224984e+01
2.109141521275360986e+01
3.006707895469165948e+01
2.705353462823045163e+01
2.405768011131493012e+01
2.096809205451508973e+01
3.018261504041710808e+01
2.730014655714928296e+01
2.395661812086844833e+01
2.085114181236675535e+01
2.995919925236805170e+01
2.714787425466753490e+01
2.370569106968240902e+01
2.106102172870574663e+01
2.840743014881451955e+01
2.574802223982066707e+01
2.402287460769862193e+01
2.224030521571083696e+01
2.348552608759639426e+01
2.463498676711144242e+01
2.526594689375345126e+01
2.544084286547107254e+01
2.821581199304603160e+01
2.212516759571148839e+01
1.868822878664153109e+01
1.620863401575685003e+01
2.934673462765388763e+01
2.651152807307235904e+01
2.291236545827079141e+01
2.049242563155859287e+01
3.011869579520779894e+01
2.706114547262195202e+01
2.404875440818676324e+01
2.103596975075800657e+01
3.029520916083960103e+01
2.722124547128038330e+01
2.423409928279500392e+01
2.125538924862808798e+01
3.013605998561946464e+01
2.704567854723561737e+01
2.405332153486532931e+01
2.103742105134772800e+01
3.018985813031000731e+01
2.710625278237634461e+01
2.410704283442259310e+01
2.122028302726842952e+01
3.005035040489131859e+01
2.505199188603013383e+01
2.005793648723962264e+01
1.514482547435484250e+01
2.960089456385363604e+01
2.647707992708701852e+01
2.354932534262631094e+01
2.051435685934393405e+01
3.028694501119969118e+01
2.750871314584505001e+01
2.499455386779519017e+01
2.162454059189815325e+01
3.149327887115253333e+01
2.761648188825008177e+01
2.491206926836637692e+01
2.288492465785030205e+01
3.182741883663549132e+01
2.900005828950376241e+01
2.619893463659952104e+01
2.227416164308096214e+01
3.138722339366573877e+01
2.844868174487696777e+01
2.509457884169217223e+01
2.219578024127009996e+01
3.001176164253889667e+01
2.706975152941411977e+01
2.398894430344935813e+01
2.101078293056998447e+01
3.046587076598704869e+01
2.755659080699051344e+01
2.382013429129620619e+01
2.071159940778199626e+01
3.000913620295522222e+01
2.707424624392401569e+01
2.403270393865797772e+01
2.062140994055274490e+01
3.057790892957248374e+01
2.781525939588366114e+01
2.563431116889181993e+01
2.438817873411079162e+01
2.483933210333870534e+01
2.543788762509833390e+01
2.541937375144707545e+01
2.575753693844396253e+01
2.824411829793946893e+01
2.211618561732015564e+01
1.872738400895439881e+01
1.614093722278176557e+01
2.889090243634319677e+01
2.583737609536454727e+01
2.224435556410089276e+01
1.981857171138776508e+01
3.013618547242524315e+01
2.708493168966477072e+01
2.409245825990435819e+01
2.113602498179142586e+01
3.031779863533871833e+01
2.727556753113938015e+01
2.434422317797392310e+01
2.140230577589654359e+01
3.012325755596542010e+01
2.710143337472119640e+01
2.408453112876924251e+01
2.114000515620102405e+01
2.984004031633696741e+01
2.697624016838926764e+01
2.420168642442113693e+01
2.164566755895656769e+01
3.007322936332658969e+01
2.509672711094733444e+01
2.015856669805852874e+01
1.530980145349809796e+01
2.911690232673815970e+01
2.615698399876969660e+01
2.310387323815948335e+01
2.010500161766293203e+01
3.000603312588163618e+01
2.731733018873504193e+01
2.432697040324721627e+01
2.135781880802414179e+01
3.494901079325894955e+01
3.060255283953910777e+01
2.709357937523720139e+01
2.436346319332869825e+01
3.559334168746406135e+01
3.260394114767527185e+01
2.888791038288357527e+01
2.276639360953435443e+01
3.499635381137829171e+01
3.153187149807906309e+01
2.710054667347127122e+01
2.334658184384178270e+01
2.996584731137586388e+01
2.706158781856302298e+01
2.401448959688021390e+01
2.108534390307550055e+01
2.960046189095482561e+01
2.721346228196608052e+01
2.387615342626090964e+01
2.085713425522358477e+01
2.996800414647362132e+01
2.698692605522337118e+01
2.392551588318349332e+01
2.229684388498221281e+01
3.237692414431356980e+01
3.050930694421887068e+01
2.769887894259469263e+01
2.602905058507706926e+01
2.232492787696564562e+01
2.379660069982966064e+01
2.491589622973959450e+01
2.565434252542118543e+01
2.822755880212323731e+01
2.216989402666854758e+01
1.878010745453550001e+01
1.622253606038854912e+01
2.738690516291281796e+01
2.440917999158205731e+01
2.121947838274194709e+01
1.838896478761188646e+01
3.009496219879213186e+01
2.700667566789773133e+01
2.401104665573400609e+01
2.098123933135993013e+01
3.025433832662380951e+01
2.719846416455859028e+01
2.419053523052541976e+01
2.118977444505252095e+01
3.006863239232032115e+01
2.700818677743250262e+01
2.403903426078279537e+01
2.098705921507868766e+01
3.010222437476051738e+01
2.713210966408913549e+01
2.415057807685986191e+01
2.131907013695755992e+01
3.002210721247319114e+01
2.501569349515201424e+01
1.999213391740207157e+01
1.504151197324960343e+01
2.987932023894060407e+01
2.689373000116003354e+01
2.384576482486520632e+01
2.081503141862337003e+01
3.020727317592456629e+01
2.679743985512587656e+01
2.445999642250101402e+01
2.169428965777906626e+01
3.092359509428554531e+01
2.706812286284383973e+01
2.441619373181138997e+01
2.246373661752729589e+01
3.256902805672783074e+01
2.922740105090799645e+01
2.580013178502138160e+01
2.206231294080483352e+01
3.186058598973792755e+01
2.853431273030565762e+01
2.483795853861921188e+01
2.229464421461430845e+01
3.007359950571765239e+01
2.705492367544934851e+01
2.411988798240851750e+01
2.106954494845737358e+01
2.977930891046030837e+01
2.772112534660755756e+01
2.441831578997977559e+01
2.102327270493042022e+01
3.002680112393466061e+01
2.741566284730155445e+01
2.425020503797572502e+01
2.105013862140958736e+01
2.883427827219031769e+01
2.657204298972905576e+01
2.487244156130450889e+01
2.352550118801792323e+01
2.659153591519796933e+01
2.667093478096284187e+01
2.620831771088605677e+01
2.604870404721372878e+01
2.819015304458272553e+01
2.211100697561501249e+01
1.865842016685880367e+01
1.610702196468686509e+01
3.143023428636746530e+01
2.829945663871815142e+01
2.463085832732163638e+01
2.228208473701000969e+01
3.062309538979425483e+01
2.758736459134995300e+01
2.461850663724447230e+01
2.165098649691116606e+01
3.076649638319953795e+01
2.771671403519601995e+01
2.477020424804351251e+01
2.178360809154202826e+01
3.063247258571618659e+01
2.758984711893976538e+01
2.467006435472396220e+01
2.164963326341269223e+01
2.997524788034726129e+01
2.702265448869814790e+01
2.400698624485714561e+01
2.098494354875015233e+01
3.056368273418949855e+01
2.561236504379223433e+01
2.066665089138770028e+01
1.570790297881532993e+01
2.811662435336629784e+01
2.499734884188691098e+01
2.203561469082836766e+01
1.903549051375542689e+01
3.065720553683148353e+01
2.789909831522160033e+01
2.522919605487729555e+01
2.165364645536781296e+01
1.878496979204504669e+01
1.571672530020766700e+01
1.419540578773125716e+01
1.331729790354497389e+01
3.500648508828154348e+01
3.008769666314533708e+01
2.329015635250940264e+01
1.769058865864050389e+01
2.467725309433129866e+01
2.204263954746517840e+01
1.910686470148357330e+01
1.660163649441194167e+01
3.008139675258400558e+01
2.693480747710254164e+01
2.400226331156599002e+01
2.096309843603077283e+01
2.463347244262898883e+01
2.363552193503823418e+01
2.146603063455822280e+01
1.927299175382279373e+01
3.047266856406284674e+01
2.698966495190872195e+01
2.420655493027727800e+01
2.100238203394919623e+01
2.586955652067457478e+01
2.412575432117866114e+01
2.322053725571028338e+01
2.134762613750720561e+01
1.858778035925838168e+01
2.077195909327731371e+01
2.261755653281870337e+01
2.400334884400425750e+01
2.847388680202504219e+01
2.297690408917491212e+01
1.899620381385494028e+01
1.713394435084185474e+01
2.846718379440173052e+01
2.226466427698148820e+01
2.282188251948420898e+01
1.627084382231399928e+01
