9.068714451732549087e-01
8.481791910834314274e-01
7.722942548497685467e-01
6.724079736860192336e-01
9.693241280313806829e-01
9.442450541565095001e-01
9.065486515833804937e-01
8.489526109605717297e-01
9.143595067569170176e-01
8.627279707027855071e-01
7.884024093927951560e-01
6.941282354065502203e-01
9.602518022565369460e-01
9.254698032985424483e-01
8.724595792236635727e-01
7.766303034409585138e-01
9.044350783642113312e-01
7.990538676172654897e-01
6.337851839712094204e-01
4.179986351820239032e-01
9.336828412273027178e-01
8.828368993502336837e-01
8.051786518229904210e-01
6.941509927279274628e-01
9.097733558781084806e-01
8.857424770582025264e-01
8.325394445471361315e-01
7.415761284223715277e-01
8.861279281994405288e-01
7.108522801317432860e-01
4.823402767241227740e-01
2.792769887711397669e-01
8.869395610341558323e-01
7.594270120180618422e-01
5.802321493354424264e-01
3.333211034468754330e-01
9.014174215874067864e-01
8.052519552836410188e-01
6.296312556626143531e-01
4.785132396695250256e-01
8.782865610166804560e-01
7.913379547443751827e-01
5.862688206092858678e-01
2.788352686101057687e-01
9.119672092127472096e-01
7.938080921444269356e-01
6.478843323778923358e-01
4.548635157541712770e-01
8.767818958279268715e-01
7.677111588313745294e-01
6.654037826330877481e-01
6.780307747597064116e-01
9.596223914341229788e-01
9.244451120237732189e-01
8.809267353807420653e-01
8.378686155488129783e-01
9.170695483699953243e-01
9.578345771174812118e-01
9.764330532838870758e-01
9.876380248646476900e-01
9.946311520759801850e-01
9.673457710421748956e-01
9.629595287340096954e-01
8.530279692016371484e-01
9.795733857306969661e-01
9.599542223244869055e-01
9.197807357594605104e-01
8.163277481222839249e-01
7.765139356121376624e-01
6.574748847216941305e-01
5.236737535618580797e-01
3.898539056872602493e-01
9.247545573216870984e-01
8.658040363639669668e-01
7.784540396412196195e-01
6.585159518195692341e-01
7.983501991126091824e-01
6.859918757672097689e-01
5.505032615898753923e-01
4.181536259906691866e-01
9.057782968001546475e-01
8.320194822907336363e-01
7.143089756972987869e-01
5.509171653444591144e-01
7.738702539044443052e-01
5.677791936914167170e-01
3.501047323059924277e-01
1.832547189140799615e-01
8.716553690514599051e-01
7.635135658785181523e-01
5.971682905206037173e-01
4.110556495524596565e-01
8.636793449918798160e-01
8.191628189286679351e-01
7.958531460925288847e-01
7.188036435884452846e-01
9.141105200109590490e-01
7.932270280520404837e-01
6.453253520666566434e-01
5.134869401205873762e-01
8.051522499491240437e-01
7.139679612266840447e-01
6.064115585944017672e-01
4.966389358713512725e-01
8.607226112731816148e-01
7.546195841898591938e-01
6.089846391786168933e-01
5.199926849276408358e-01
7.044597043067142295e-01
5.402825774071784437e-01
4.532629697983764916e-01
4.190427243792318457e-01
7.490039447569769582e-01
7.061599997456958766e-01
3.315960813216674574e-01
3.007156406923082725e-01
7.217636074144851976e-01
6.116537537869632946e-01
3.457913077933858492e-01
5.944583180704072767e-01
9.677764999325868533e-01
9.329361868077516995e-01
9.066482969201637987e-01
8.638602724991915061e-01
9.217722416446093581e-01
9.572856390619828293e-01
9.773923862950831820e-01
9.881726775002682706e-01
9.914565007168590904e-01
9.479822026125304113e-01
9.423809053788563261e-01
7.691514998070928533e-01
9.840941507901066476e-01
9.694061034139763722e-01
9.462483818222121590e-01
8.676368325130757730e-01
6.870754997515817752e-01
5.529747699079977652e-01
4.237256547850402066e-01
3.131365657402259139e-01
8.820870685399621047e-01
7.982799616324858238e-01
6.846058018630679642e-01
5.525936399316665470e-01
7.158619166746232887e-01
5.831156777735445607e-01
4.533265189124099370e-01
3.393132139539083991e-01
9.088056453414625757e-01
8.516978739634331053e-01
7.603887198464021058e-01
6.321777392751684044e-01
6.818221254510361540e-01
4.649437082741200711e-01
2.821870323829207550e-01
1.551873721525802163e-01
8.096685721204568420e-01
6.776156815415912416e-01
5.045998986838218237e-01
3.439421113285154319e-01
8.464493289127728026e-01
7.943679324617722859e-01
7.907642098993552526e-01
7.451722834365495096e-01
9.486436195558817230e-01
8.824574509998898142e-01
7.931232533609190449e-01
6.936367842910037274e-01
9.044896637359705061e-01
8.479116514326613396e-01
7.618624908398001772e-01
6.633366022824287445e-01
9.154384480471571273e-01
8.433913378423679719e-01
7.331076960616756955e-01
6.521603288019891531e-01
7.791141094822686686e-01
6.892332739707907052e-01
6.051832729477264472e-01
5.665821732298595981e-01
7.841408386550994258e-01
7.440617056779265104e-01
6.400320545009544615e-01
5.121755985002088840e-01
6.525593414475882037e-01
5.939782176306435124e-01
3.601325719067705600e-01
2.614142475601667348e-01
9.690435326253525883e-01
9.450517158906390769e-01
9.220237733380317602e-01
8.977419793471261844e-01
9.222725432468360518e-01
9.599690001870933020e-01
9.776223952184833754e-01
9.885828263535390015e-01
9.925184386090845079e-01
9.567655805103580935e-01
9.481534706902654541e-01
8.007793136613534646e-01
9.820847999000339446e-01
9.737059631805580207e-01
9.387000597359096421e-01
8.958699540521312121e-01
7.556184896365371051e-01
6.261585824119231258e-01
4.864088955675512360e-01
3.512503314973089985e-01
9.170536698492061101e-01
8.516637447083620360e-01
7.568680323854630743e-01
6.255403294415090576e-01
7.788917181598999928e-01
6.544172605932349063e-01
5.192424643360393777e-01
3.776267892889078603e-01
8.960348693584379021e-01
8.231527158433711300e-01
6.974260203807098879e-01
5.236775190841433947e-01
7.524219337209135938e-01
5.326144823626448588e-01
3.122349407192882009e-01
1.531717188298013510e-01
8.659221845965133779e-01
7.589821500219886552e-01
5.952284727359200556e-01
3.995621997106394430e-01
8.365474157111641995e-01
7.978432721450579024e-01
7.197346072870987044e-01
5.866430221123745126e-01
9.395393916351951757e-01
8.591034011574761875e-01
7.497585567994408118e-01
6.311245060047147026e-01
8.273500754714576688e-01
7.616684822707160407e-01
6.762959518678847148e-01
5.870331309457178515e-01
8.807059155671667083e-01
7.899242424204078183e-01
6.343807532490924883e-01
5.391812444914014790e-01
6.738562760468005397e-01
5.912292341125392481e-01
5.144383014767963669e-01
4.678176990959399539e-01
7.616259908202451800e-01
6.022345190154227978e-01
5.196935275731826565e-01
3.966598250758371358e-01
6.394834869376088138e-01
4.756720893504983172e-01
5.329257428894490500e-01
2.821181964955938870e-01
9.722860831967617967e-01
9.419664312425797270e-01
9.221473726647000380e-01
8.821849117104660909e-01
9.275903675882025690e-01
9.608931449043708328e-01
9.797409122166641504e-01
9.884325887114148168e-01
9.920099810882865299e-01
9.500893099854557100e-01
9.486565822581219942e-01
7.878973627974968919e-01
9.802856410967125678e-01
9.669351560065342355e-01
9.302752393739459613e-01
8.644648188039885106e-01
9.278623088380624218e-01
8.810303763926560228e-01
8.160769813494131997e-01
7.308036061699269004e-01
9.778606520862275220e-01
9.591345998206923795e-01
9.287037240861677478e-01
8.801764533704475868e-01
9.346098085505168962e-01
8.914615091868874908e-01
8.284758071718135719e-01
7.441609603462034928e-01
9.732905722515460267e-01
9.487069403258082678e-01
9.066429960827814272e-01
8.360435947654207833e-01
9.271678315576091789e-01
8.391333627605261913e-01
6.993442732177608256e-01
5.086239967907923987e-01
9.362429364778463992e-01
8.815679174723407563e-01
8.015471064482942998e-01
6.949995926994306794e-01
9.420530146013308403e-01
8.991156439282302903e-01
8.319183612784052384e-01
7.509022911837027747e-01
9.342603180359201342e-01
8.176038570719394993e-01
6.117869338854561301e-01
3.559908014188866154e-01
9.452466082967061478e-01
8.739573467628592995e-01
6.920537188237869675e-01
4.201306665545402885e-01
9.385991324092876065e-01
8.676532735279328667e-01
7.255506595019893812e-01
5.703694924425559698e-01
9.352912282798769850e-01
8.815306816059323980e-01
7.791078812678547960e-01
5.711452065247313303e-01
9.640667652449964597e-01
9.117650362896737581e-01
8.616212345717459975e-01
6.002683505878079195e-01
9.770225107390295705e-01
8.343974272969908457e-01
7.370621661464142882e-01
5.705976662370868535e-01
9.697267973830759891e-01
9.290664968707257332e-01
8.936241266437261466e-01
8.431176719508628459e-01
9.071488051166435307e-01
9.525335926349224325e-01
9.757747970101514623e-01
9.878164875592461147e-01
9.868130064599196505e-01
9.086859130092329595e-01
9.225248647844134231e-01
7.014920343781125833e-01
9.675552113919591024e-01
9.503031918254754018e-01
8.896086038424727560e-01
7.893883548310828280e-01
8.824421366397259270e-01
8.143582307638471685e-01
7.302546248029480047e-01
6.271425894209952112e-01
9.575318070097660339e-01
9.249330537839400845e-01
8.758856535253636277e-01
8.079521110333247602e-01
8.933341265536212106e-01
8.295677229202674807e-01
7.520771403056777382e-01
6.519212108007694795e-01
9.664218842717651192e-01
9.367180326049614481e-01
8.816731985860717380e-01
8.063580320267345058e-01
8.799535963455368259e-01
7.591794245751152248e-01
5.891910233046389056e-01
3.849219263146171910e-01
9.108838611338501146e-01
8.390256071314851072e-01
7.381923868930824195e-01
6.097839338119247499e-01
9.292913013772680086e-01
8.989432752809478622e-01
8.457337827658013563e-01
7.801790816436307008e-01
8.990943421862056528e-01
7.414375910528174796e-01
5.332842552306714667e-01
3.486780038519337599e-01
9.093412582658684240e-01
8.107653738083459016e-01
6.289601326146719851e-01
3.923119885903627035e-01
9.170890946234973029e-01
8.320028041911825545e-01
6.680459003425758269e-01
5.117827563348206210e-01
8.859161216249435977e-01
7.953359896520024730e-01
6.058124376298312797e-01
3.203579997370583632e-01
8.865008784907043582e-01
8.382502035334408186e-01
7.514302087430589916e-01
5.364030258204298685e-01
8.909669155652449879e-01
7.641997025488721507e-01
5.824034989207140800e-01
4.876391642429082629e-01
9.650215497014814625e-01
9.223864919378699234e-01
8.859663649313993528e-01
8.427059406861624469e-01
9.140022657604105483e-01
9.562072756824152586e-01
9.784866489886689944e-01
9.878957260889266179e-01
9.935764934918579483e-01
9.756120003408625951e-01
9.604265578219159938e-01
8.880836805521206134e-01
9.729603783070205347e-01
9.599776876145139637e-01
9.071600645163448995e-01
8.248443552895833308e-01
8.193361581753837442e-01
7.297821706458736957e-01
6.320010134919761269e-01
5.270585410481120059e-01
9.361553424905886267e-01
8.874164493116813990e-01
8.190809483772578670e-01
7.301115902712913552e-01
8.359115208844418721e-01
7.505089042526548182e-01
6.520818348589966229e-01
5.459759205648990754e-01
9.440854902471393917e-01
9.009789186102665770e-01
8.265168159143067017e-01
7.234247133551199305e-01
8.167090664418671375e-01
6.642466169720573355e-01
4.909363040871840833e-01
3.134176600606794483e-01
8.881762972706186421e-01
8.087864888671135732e-01
6.916251544020544095e-01
5.568657016365614609e-01
9.076990396345709922e-01
8.403695197998644062e-01
7.812805945873640967e-01
7.246968101651030114e-01
9.634878055842117650e-01
9.069132464378570901e-01
7.802053678028750827e-01
5.159008799392671429e-01
9.415220116335843992e-01
8.968617184245607499e-01
8.014418573473574003e-01
6.343231374553348623e-01
9.439084301950502187e-01
8.922594106133643344e-01
7.724010201774188511e-01
6.669128947936145968e-01
8.687048522556949370e-01
7.716864039723378976e-01
6.322571354994840354e-01
4.435496881772473809e-01
8.820675080133615342e-01
7.825424232838821270e-01
6.729723000798937260e-01
5.005469509793900595e-01
7.729839180234644447e-01
6.467715911172553511e-01
5.595767453615703158e-01
3.876306519538164075e-01
9.751902445891826865e-01
9.430331533937630351e-01
9.176473064181459582e-01
8.953154443151720709e-01
9.183433851713539431e-01
9.546406537359359845e-01
9.761960282637507369e-01
9.876918484377722462e-01
9.942425364737361715e-01
9.659946794398788228e-01
9.597609042105427202e-01
8.430395442316488408e-01
9.835369418449277923e-01
9.660441397964493193e-01
9.379171531011359919e-01
8.493172865718048303e-01
9.166066746316716696e-01
8.629244417243153720e-01
7.924540522814789156e-01
7.046701176828067403e-01
9.735201281503514936e-01
9.514057323927537224e-01
9.152961796049597920e-01
8.610652110140164517e-01
9.262375077108108146e-01
8.754689912847983813e-01
8.086193744155353302e-01
7.243922551731019066e-01
9.775232038410818225e-01
9.574435087605764894e-01
9.215753710434612112e-01
8.615965518591043315e-01
9.154071167590406288e-01
8.173070456041919840e-01
6.731301796311253138e-01
4.944948228391224387e-01
9.365488043527362416e-01
8.727314873110673110e-01
7.812394771753152778e-01
6.635664313256661728e-01
9.304945042600109018e-01
8.983144852003589476e-01
8.458854253609167095e-01
7.468258750868961293e-01
8.992291129320059140e-01
7.407660664075031987e-01
5.293936456545118574e-01
3.301071344232953120e-01
9.035480221019669411e-01
8.407689709097155850e-01
7.227918386667366857e-01
4.798983886541509092e-01
9.133957492853966853e-01
8.350572174897241684e-01
6.925230313391194104e-01
5.561031349196715601e-01
8.904504493303713186e-01
8.088086378811940591e-01
7.281946568676713749e-01
5.307760874706213272e-01
9.770222272560340482e-01
9.395042711177715722e-01
8.966097860077596460e-01
8.744638509132962589e-01
8.771285165653435190e-01
9.006633152906792228e-01
7.082185959468147995e-01
6.412966030553269858e-01
9.685385963554191679e-01
9.334215091783087948e-01
8.986610200424340889e-01
8.568544487636867713e-01
9.121162378167462226e-01
9.563726907085583484e-01
9.792012921082806631e-01
9.887882025571657074e-01
9.921965182642912273e-01
9.617250107154478034e-01
9.385246278791272712e-01
8.389910077580681191e-01
9.675781483215111223e-01
9.532570605732445523e-01
8.732090612566160148e-01
7.997813907152556689e-01
7.536652730549282531e-01
6.405623893983570794e-01
5.278604997365784479e-01
4.200911103349542763e-01
9.108565385369895573e-01
8.444871947791138256e-01
7.517022553067502777e-01
6.397180450521242623e-01
7.756666136407447398e-01
6.689668605057105255e-01
5.537425031756277871e-01
4.431195071472344704e-01
9.467103267469452188e-01
9.062529722611880612e-01
8.412853462825253814e-01
7.476727387883224107e-01
7.500456547591277667e-01
5.637883578423782405e-01
3.878204366815691251e-01
2.427111604787771382e-01
8.496257880374707971e-01
7.442666493493890201e-01
5.977860710429306890e-01
4.542784156656113903e-01
8.647516150031802074e-01
8.388863742648819954e-01
7.654159403814653206e-01
7.107788391248934801e-01
9.343326118994721430e-01
8.487397075982888728e-01
7.264351519464441465e-01
5.782497617269725110e-01
8.859781422088254255e-01
8.368711638984098755e-01
7.462571408566820441e-01
6.084548616726361825e-01
8.929846214144516736e-01
8.293428141518799368e-01
7.166445038475354190e-01
6.300927107510815306e-01
8.266199925017093664e-01
7.283240656452225625e-01
5.888443454692695589e-01
4.998672305366116952e-01
9.388725079215727298e-01
8.275721177584598465e-01
6.165217933066059475e-01
5.034446576760507330e-01
6.844838972305132829e-01
5.861357288537425436e-01
5.022401674842310593e-01
3.454396387564879212e-01
9.722626866059558282e-01
9.363460822213708346e-01
9.080918143702199075e-01
8.824242691738933830e-01
9.132022990169605947e-01
9.563775394899400872e-01
9.749875301151793572e-01
9.867889991677329942e-01
9.958498451218721348e-01
9.751116557242059946e-01
9.702818468568079613e-01
8.865641883104590226e-01
9.773257670047456047e-01
9.662548826364586452e-01
9.094375519312125622e-01
8.644619822588452962e-01
7.846534052084593869e-01
6.745457028511571140e-01
5.534344147643361911e-01
4.340205386155102096e-01
9.247502793874454730e-01
8.670185317460161745e-01
7.821137245681991645e-01
6.747475113319226780e-01
8.054564008751115001e-01
7.004384887989316688e-01
5.811356663110331944e-01
4.587599138608094984e-01
9.407147160269423436e-01
8.949393250972824676e-01
8.178093838914713976e-01
7.029615515737871467e-01
7.816496859671447917e-01
5.945398531762864369e-01
3.953804091305212487e-01
2.271113617545445496e-01
8.907482984210396415e-01
7.959690212889402039e-01
6.595893962503770469e-01
4.852414878722049463e-01
8.697283272349947136e-01
8.034773751221740978e-01
7.160592988739381548e-01
6.603710208403826831e-01
9.375666371319977266e-01
8.478215248113253333e-01
7.090672631905927670e-01
5.463884906189604429e-01
8.822889833259613956e-01
8.118273612330437761e-01
6.863618808651889003e-01
5.309071309848955034e-01
8.985352380141662376e-01
8.243091338831678438e-01
6.818005515447197462e-01
5.643798694957674611e-01
8.006771823398601828e-01
6.650565135964637831e-01
5.217605111058029044e-01
4.373231615500897118e-01
8.997981976079282296e-01
8.139242758633756791e-01
7.153610478853289489e-01
4.436434887976962171e-01
6.958850394074633794e-01
5.649893612398525500e-01
4.875622337756805313e-01
4.094245353574577084e-01
9.684169454303895863e-01
9.359364686398345956e-01
9.030834937494186532e-01
8.689816384239289482e-01
9.136660908438729578e-01
9.555733358429627788e-01
9.768496448783292596e-01
9.885658796838409090e-01
9.944136573837052406e-01
9.646412740627018367e-01
9.631698948358297097e-01
8.814090058995833754e-01
9.652374473917511022e-01
9.619331106716936253e-01
8.991594623222113336e-01
8.513421703668201390e-01
8.512102480266086069e-01
7.698329242744902379e-01
6.715953955364762917e-01
5.602434753532938849e-01
9.496156849751287155e-01
9.107869856052773772e-01
8.523770450419425604e-01
7.710812127019937012e-01
8.647518352999299385e-01
7.890194791068859681e-01
6.925880699801922891e-01
5.829647813747571572e-01
9.551083657956396245e-01
9.171673683808790889e-01
8.539862307732253299e-01
7.566648266309731197e-01
8.486607297777571945e-01
7.050535390574024230e-01
5.206165964675467661e-01
3.291876573812215212e-01
8.892620569344703574e-01
8.028694669832763253e-01
6.914636941367497958e-01
5.545266123057056573e-01
8.811988884041003223e-01
8.566465014000772538e-01
7.512815644075578891e-01
6.303251372949227882e-01
9.147804260518497266e-01
7.855148025837771497e-01
6.059185978027886721e-01
4.245976813492455260e-01
8.817107353157738192e-01
7.846747414838786128e-01
6.247394279615811064e-01
4.153448886018059616e-01
9.029029962627573846e-01
8.135643552212058482e-01
6.505082706510626478e-01
4.946869479798059466e-01
8.543821516852451170e-01
7.716830388939556196e-01
5.466770878348817808e-01
3.505335197802775804e-01
9.826268733856543536e-01
7.864224599544071825e-01
7.036134107868498022e-01
4.144174096268002927e-01
8.229140089341796527e-01
7.260152384707421191e-01
5.808333231088689264e-01
4.180051694536016105e-01
9.637196004401322735e-01
9.280873771263355998e-01
8.888898875028763413e-01
8.559281800099983739e-01
9.124729882614477372e-01
9.557613921765941711e-01
9.766565235060257200e-01
9.881029461641349654e-01
9.805227905175755154e-01
8.459937366609676657e-01
9.066934697866031456e-01
6.637369735791626146e-01
9.324516608905735193e-01
9.409695310745589403e-01
8.096711446180716587e-01
7.898077021479690263e-01
7.819543590032440594e-01
6.647521630503052670e-01
5.295728718482681785e-01
4.002969380536852140e-01
9.250454938917987979e-01
8.663567670194297632e-01
7.784259639697238553e-01
6.611928056728529901e-01
8.019216528165766800e-01
6.918967824307311609e-01
5.586036571118445648e-01
4.276585154809823264e-01
9.164526421508550902e-01
8.536368021350364543e-01
7.554287763437115277e-01
6.240231009946125562e-01
7.789096097459394796e-01
5.755824791071300073e-01
3.586567389203827450e-01
1.946217358496162564e-01
8.658313870783831412e-01
7.524597332124234317e-01
5.874722317256070303e-01
3.993786498814431152e-01
8.550103348853932417e-01
7.644824125342122301e-01
7.557273077144038842e-01
6.757890479752711732e-01
9.186122501037566890e-01
8.044608091393889993e-01
6.570026022899988494e-01
5.169308579611850973e-01
8.335495734473054030e-01
7.376277169598793870e-01
6.116174670233784916e-01
5.138307379523342489e-01
8.867299362697461662e-01
7.856521175854197514e-01
6.088007577465570641e-01
5.079780680772443269e-01
7.095157201731437935e-01
5.358337801756747343e-01
4.649572631446868276e-01
4.240479669866759060e-01
9.705273694803276952e-01
6.082694397690706634e-01
5.278131857748490363e-01
5.259700148098094274e-01
7.271430654684096773e-01
5.105715922359411740e-01
4.188471798743829133e-01
7.185586552361098445e-01
9.742038127329185615e-01
9.419284797172540191e-01
9.078596715113489424e-01
8.625667354848650659e-01
9.099043711785929078e-01
9.525283386801131069e-01
9.765687554522461955e-01
9.867846265815596318e-01
9.958131260024293274e-01
9.847689914981013759e-01
9.693403680049190729e-01
9.266998519578256710e-01
9.788669592483639770e-01
9.657151189601805852e-01
9.129516909344649322e-01
8.570435185707863113e-01
9.489740332057583494e-01
9.067703701349101308e-01
8.389122160097203240e-01
7.426573804076072038e-01
9.854070831738374059e-01
9.720398848099055522e-01
9.482669035648633171e-01
9.053659447643187530e-01
9.547367208022017326e-01
9.157000711997774767e-01
8.546915219254843654e-01
7.631750400294613490e-01
9.793354243585246088e-01
9.593573163289605965e-01
9.237276441127976190e-01
8.546564475580431530e-01
9.478185324899700559e-01
8.642834705516401206e-01
7.042208530599823879e-01
4.833987310005093407e-01
9.521905737584149820e-01
9.114191884911099217e-01
8.428242937155203673e-01
7.388387078116037676e-01
9.447700991230717493e-01
8.963129893077675936e-01
8.380945556350244408e-01
7.303448385979501856e-01
8.686789251563465930e-01
6.761970259911426195e-01
4.351256876404849816e-01
2.275631478503800931e-01
8.765860663507994976e-01
7.134737284178401806e-01
4.837927953103369760e-01
2.396832916964689031e-01
8.918521464385773534e-01
7.834042479251079882e-01
5.861105080762241126e-01
4.040781677125546145e-01
9.234689453675846149e-01
8.436727016646805577e-01
7.369245661295041883e-01
4.246209627135180131e-01
9.532721095489551377e-01
9.273555890651847822e-01
8.613179929680289115e-01
7.481833278113906305e-01
9.380489640112517069e-01
8.215896514473012280e-01
6.985152044214166800e-01
6.042808430016552990e-01
9.605321411459663006e-01
9.200985480723838927e-01
8.885142593922423782e-01
8.412922808076078729e-01
9.165331326679736490e-01
9.571207661488715379e-01
9.775282618722084260e-01
9.878442451777199595e-01
9.926100168129845525e-01
9.604679002038332136e-01
9.497771503073210164e-01
8.163232736372461051e-01
9.772063868263034525e-01
9.564107498806753149e-01
9.132280671365646807e-01
7.985706057854882189e-01
8.975310209047652199e-01
8.272244768596903608e-01
7.324977482617240909e-01
6.201369482726586391e-01
9.686521337256798203e-01
9.413676800267689604e-01
8.966621013630410308e-01
8.280576948116212810e-01
9.072335703876124313e-01
8.426304135971285358e-01
7.521943527263503793e-01
6.421719969593552291e-01
9.608044800962397547e-01
9.264305386755272709e-01
8.668222815040732554e-01
7.719669956244280540e-01
8.951744047588703346e-01
7.665198216679723897e-01
5.774395599359842812e-01
3.678742972165299774e-01
9.223489951723751190e-01
8.599854684910156477e-01
7.606251778532581165e-01
6.179931263949847153e-01
9.129149496032973321e-01
8.481638222643645975e-01
7.658359152958142957e-01
6.735308599501010907e-01
9.233800564040536285e-01
8.014103740765693429e-01
6.129266831688758854e-01
4.022123393616750531e-01
8.785304252304224626e-01
7.751489931224441188e-01
6.130087511916028076e-01
4.163738836652713937e-01
9.059191230396603789e-01
8.195973033564528665e-01
6.471583683549492205e-01
4.845739720701072173e-01
8.788073937746453401e-01
7.993917455554175877e-01
6.182441884310866387e-01
4.045443096877169298e-01
9.792669651773323602e-01
9.840969917203041817e-01
7.519190794386594323e-01
6.144743528493217255e-01
8.645517660719916897e-01
7.392395684732870897e-01
6.255347228976104734e-01
4.839458246472010394e-01
9.656003724917554543e-01
9.184489307836813943e-01
8.877512093713979535e-01
8.322048578411557207e-01
9.117427415789203238e-01
9.532091427633878622e-01
9.758911397127536524e-01
9.872034607396100725e-01
9.931800604698424184e-01
9.548733056148728249e-01
9.543145423606796962e-01
8.076451830042776781e-01
9.763216907832525937e-01
9.564375622450275172e-01
9.017383427370625482e-01
8.094030397988625225e-01
7.502267052718305518e-01
6.263009090792055478e-01
4.949622702003448338e-01
3.714965113062048685e-01
9.087710000948351352e-01
8.404477514265100702e-01
7.436551172707968060e-01
6.197115934992224462e-01
7.740038343011075295e-01
6.544076412065260584e-01
5.261550807472242797e-01
3.951877665788531835e-01
9.262304146806114025e-01
8.737361223776641816e-01
7.916749159790892332e-01
6.793937475971281170e-01
7.467098433688396097e-01
5.377189536800015546e-01
3.335310638267446892e-01
1.808727136572527150e-01
8.054671198862498604e-01
6.635527894180708319e-01
4.962999463421209345e-01
3.343161974259727942e-01
8.431219783473066220e-01
8.046136105461769716e-01
7.191663981421501095e-01
5.945249487156695212e-01
9.382965101579409106e-01
8.610723778365751979e-01
7.612116593540172449e-01
6.556346807672436272e-01
8.639703146614543527e-01
8.004132799747184501e-01
7.104067662659430127e-01
5.859890158080415246e-01
8.897387829760576849e-01
8.134577863610066295e-01
6.714985433819191663e-01
5.791747386238962347e-01
7.592722580134830812e-01
6.515689983212549219e-01
5.569916361168156804e-01
5.074009287191458828e-01
8.368070007442368619e-01
6.143133299264504910e-01
6.923792909480950275e-01
4.146426177262551582e-01
6.701677935970389299e-01
5.623477058763893810e-01
4.699778684826627084e-01
2.711225968352694582e-01
9.702398007281173298e-01
9.419628958071530889e-01
9.188630153291543756e-01
8.917166976357322472e-01
9.152978731459693318e-01
9.529139032361687578e-01
9.760742182223647312e-01
9.885348511953588879e-01
9.753269397297845700e-01
8.442114873878684422e-01
8.892964554204169092e-01
5.589059847091575328e-01
9.417357154073008330e-01
9.427105917602505158e-01
8.366237395645338415e-01
8.231039913179949430e-01
7.593934683271684749e-01
6.429209310092938168e-01
5.144662984142661655e-01
3.883192340362320305e-01
9.139531534715412686e-01
8.499417991074915690e-01
7.577319706448790715e-01
6.409557316622433998e-01
7.823617791029675583e-01
6.679433994428811694e-01
5.441591045493594514e-01
4.139686050339739243e-01
9.250238932085999011e-01
8.661474780999962597e-01
7.746541511336263452e-01
6.509681833161405917e-01
7.562386381095261845e-01
5.571997587999958368e-01
3.495586972582365726e-01
1.822360385957014772e-01
8.809696374587362433e-01
7.870431143630918225e-01
6.392357808100943561e-01
4.524286109435604053e-01
8.472993053488376836e-01
7.694446629441461516e-01
7.156661878701097157e-01
5.922535770258715582e-01
9.237898723351586350e-01
8.165188441847098799e-01
6.873302350287013862e-01
5.686167854026482615e-01
8.660986207811653959e-01
7.773611371068517295e-01
6.453567794108771016e-01
5.255937816726442557e-01
9.022424426331641101e-01
8.125070493477368760e-01
6.425744596856418633e-01
5.231231217757907892e-01
7.616902814008137401e-01
5.662012738921740063e-01
4.737383143815248054e-01
4.570125277073895931e-01
8.493123699033140461e-01
6.670663444093857253e-01
4.832022022343951395e-01
2.192573423118832909e-01
6.631932451466950873e-01
5.703640516623817991e-01
3.513619441078476013e-01
2.307092722178933630e-01
9.665063541306397887e-01
9.350536768275250488e-01
9.033679891773370718e-01
8.700417816664868242e-01
9.240392013080385158e-01
9.538271007074485830e-01
9.737618326422554649e-01
9.863287980328266924e-01
9.945727003575458580e-01
9.766798675756225290e-01
9.597125815922900038e-01
8.871574179327115228e-01
9.802574714550551516e-01
9.701161998067112657e-01
9.293898384602561347e-01
8.729332506327052155e-01
7.927155663227745119e-01
6.870807887556512616e-01
5.707985816393971179e-01
4.471371541539083672e-01
9.274796510461447152e-01
8.730505201549799699e-01
7.935591243702124764e-01
6.890469405542964942e-01
8.121702228102716248e-01
7.086177253192952330e-01
5.945986815057749952e-01
4.677374061377367331e-01
9.472560021511101658e-01
9.041239889937977559e-01
8.325354269676197294e-01
7.270888277017556467e-01
7.894335848145204171e-01
6.096589283602105169e-01
4.074052733183077257e-01
2.311299096972111444e-01
8.443740821827847576e-01
7.311085566753411369e-01
5.954194855604185710e-01
4.481322084205747180e-01
8.347641916074347579e-01
6.945504455950013423e-01
5.608042453750899936e-01
4.531659748364072482e-01
9.546617827340646567e-01
8.908590342342479484e-01
7.786316470984701033e-01
6.138676629767371162e-01
8.954003244835422315e-01
8.322253453188928063e-01
7.014587311480657839e-01
5.058418735399153876e-01
9.202618164134578338e-01
8.525853061998044380e-01
7.123426366502660922e-01
5.158223853820994576e-01
8.395564619766051617e-01
6.902769285597808446e-01
5.412623653741398533e-01
4.181680420131849152e-01
8.755125099665022059e-01
8.296822524264464427e-01
6.356262433299418868e-01
3.701588048426330269e-01
8.095878400804015218e-01
5.673805896337543730e-01
4.979462489556166771e-01
4.072627369445895873e-01
9.700081263887688765e-01
9.416647283076714503e-01
9.134244100986019799e-01
8.730040793036457636e-01
9.124621680241111754e-01
9.546183664151116632e-01
9.755172676572446688e-01
9.870732019676478064e-01
9.672182313679150711e-01
7.578763345312959920e-01
8.726781402913061925e-01
6.223117172820417098e-01
8.523585302515898077e-01
9.187091280924827297e-01
7.288829998011779887e-01
7.686940799105548283e-01
8.782688391552345708e-01
8.024950386027527305e-01
7.074575650586971687e-01
5.922404545089644534e-01
9.606696072325383584e-01
9.285973746402934603e-01
8.775592844040264184e-01
8.029605288229713089e-01
8.902022042008818081e-01
8.180663013468332245e-01
7.228738927503172151e-01
6.124054417166807651e-01
9.616208403012719286e-01
9.289198813085700612e-01
8.718888749708623154e-01
7.797929686814137895e-01
8.756779431580873352e-01
7.402063938933315379e-01
5.533477071299309769e-01
3.500552323048949366e-01
9.003631352801887422e-01
8.235955905677907474e-01
6.969319223103164207e-01
5.378294596790019755e-01
8.996166233851300431e-01
8.247047126862144806e-01
7.793405130568461514e-01
7.118282368140709249e-01
9.312398220876295651e-01
8.222847447849299662e-01
6.346041412129367343e-01
4.057626702491820558e-01
8.842696374420263572e-01
7.818061206587207934e-01
5.884659561098798397e-01
3.794553831570949831e-01
9.076412542126828242e-01
8.294348352995118967e-01
6.668819584954455149e-01
5.018263841137945436e-01
8.820563703513691900e-01
8.080266312289641206e-01
5.848504770529618924e-01
3.246480401369383761e-01
9.109038393385142651e-01
8.076727752547061545e-01
7.132538609869786272e-01
5.255258318003942497e-01
7.961083974241650596e-01
7.964138581467178346e-01
5.856893402544616212e-01
4.399847681678784594e-01
9.683625991264614985e-01
9.245055782087682195e-01
8.881765096588194464e-01
8.448316398864730292e-01
9.137148119487560338e-01
9.559799834278722708e-01
9.784452223602837506e-01
9.879253109532271093e-01
9.865879247774846927e-01
9.004920373852307591e-01
9.214018964209428342e-01
6.502682959171660615e-01
9.755479838122542713e-01
9.575724263098446265e-01
9.077437697663084393e-01
8.174001652845681587e-01
8.529229445444495017e-01
7.742562649915618600e-01
6.837929830450208968e-01
5.862155934847187444e-01
9.494412903336599818e-01
9.099376864106203389e-01
8.513761631498767413e-01
7.739136163013077274e-01
8.663750293922297674e-01
7.914066692602722553e-01
7.028177510210518175e-01
6.070116297425002250e-01
9.699726408565388924e-01
9.446876602160028114e-01
9.123566917266427989e-01
8.278645153283894498e-01
8.505033341602367125e-01
7.142235601091909691e-01
5.530923587691863874e-01
3.886369805861341620e-01
9.066170981599441792e-01
8.317349057848003602e-01
7.323017838334584528e-01
5.989127989235384364e-01
8.885551421032720221e-01
8.579511045176887452e-01
8.179741279377640284e-01
7.490292124416635389e-01
9.143126327115912444e-01
7.828417769026306816e-01
5.940213752741365649e-01
4.024221363949310182e-01
8.913747602177548579e-01
8.251883697385669070e-01
7.249518624746874584e-01
5.769636718414690169e-01
9.136425232188449819e-01
8.411963678757637952e-01
7.026744498104768866e-01
5.872739734905315645e-01
8.596726690474668642e-01
7.948842984224550046e-01
6.403729628286167763e-01
4.766374028136351471e-01
9.025780122647036885e-01
8.661910670555691416e-01
8.743659744691215652e-01
7.031143626981940509e-01
8.183132858114846586e-01
7.589888063361470705e-01
6.234281277292316181e-01
5.075053703400276284e-01
9.741805153739592216e-01
9.465511571828900683e-01
9.155621284339308108e-01
8.842457841834490129e-01
9.128467984978149152e-01
9.555973948781943950e-01
9.772271976863324827e-01
9.878664849876090948e-01
9.952922049411633276e-01
9.736263650015347659e-01
9.649560182328800195e-01
8.848892140366491077e-01
9.789736890172728856e-01
9.607789504095609612e-01
9.226388735070019109e-01
8.312562350574466130e-01
7.811556551268042936e-01
6.667851217106292028e-01
5.382034574110293734e-01
4.155090337199986994e-01
9.119427222045254355e-01
8.478505057522044419e-01
7.564036489929223395e-01
6.396348450494996341e-01
8.040058166138863704e-01
6.945188136472700835e-01
5.725611907448375781e-01
4.494466887318129822e-01
9.489251143706316505e-01
9.148629163671588849e-01
8.645444523383617463e-01
7.955241501581616914e-01
7.781659952388456647e-01
5.787399612259348514e-01
3.758718357016324063e-01
2.229987396673502043e-01
8.082149275957150047e-01
6.567943685554681332e-01
4.722722088531622897e-01
3.141521053264227925e-01
9.225484489850106495e-01
8.626567686172889049e-01
8.246533034207434998e-01
8.083269951123090991e-01
9.531232020538000782e-01
8.942493659194392652e-01
8.072839197470510486e-01
7.013665578526688815e-01
9.322830264317305549e-01
8.986639940376931479e-01
8.300814211375446838e-01
7.152327459952085853e-01
9.346992267884364214e-01
8.906556186372239781e-01
8.147880399008864405e-01
7.495045341731377819e-01
8.842154281415267603e-01
7.948645325768864955e-01
7.091303563484718797e-01
6.220831639474641017e-01
9.965760621338639602e-01
8.313575536058642745e-01
7.730915326117623332e-01
6.137446811703237692e-01
7.185800471614209872e-01
8.657166171613983607e-01
5.365449712783494363e-01
3.645035656991510442e-01
9.699645952010053085e-01
9.357532303636248994e-01
9.167980171972974768e-01
8.839451279891740176e-01
9.138312702059638859e-01
9.551242097253912489e-01
9.772891632493136971e-01
9.882002768439713813e-01
9.863716191680446110e-01
9.436782285042512042e-01
9.485427185167333297e-01
8.497878686083494282e-01
9.176067178434099691e-01
9.452538141159247953e-01
8.269111980979170218e-01
8.485482783520273964e-01
8.014541288072378755e-01
7.091291507113565151e-01
6.124583280262505536e-01
5.182756559598582502e-01
9.275744953229001499e-01
8.731056431585615396e-01
7.998113605119784308e-01
7.075293016363184417e-01
8.186241254274939649e-01
7.320832236599897902e-01
6.358077031548290403e-01
5.372468081210128865e-01
9.662607184695405360e-01
9.385005575011432510e-01
8.889080093899078827e-01
8.137890402711102089e-01
7.976136210434623397e-01
6.440525391424375412e-01
4.861070853961547700e-01
3.282401212245891764e-01
8.831492952501084348e-01
7.983180652231302021e-01
6.724273080753280230e-01
5.439213858578514360e-01
8.946955981416807591e-01
8.496737224860512194e-01
7.968057925732584534e-01
7.629306617965521120e-01
9.246887367497593768e-01
8.207724490971808340e-01
6.720477640905342387e-01
5.077051539500442301e-01
9.034873310148588965e-01
8.399002125361527682e-01
7.100728825151149115e-01
5.217108516158828202e-01
9.054539445321665436e-01
8.432106470429781009e-01
7.340378836814536179e-01
6.238318742291449892e-01
8.811303014709849224e-01
8.188460997852722301e-01
6.723169464837459586e-01
4.694817242290259540e-01
9.617344761225082861e-01
9.027186305903905916e-01
7.863835152006751761e-01
6.483391967167745351e-01
8.520194250452209905e-01
6.809820331240624691e-01
5.554165407031227408e-01
4.052045137755134752e-01
9.644957936978165725e-01
9.259200262699994743e-01
8.941341268130017506e-01
8.590085174952211133e-01
9.129526501433472552e-01
9.555522467781163432e-01
9.760721662705632573e-01
9.871016774989527232e-01
9.942490695647824284e-01
9.700698615503930977e-01
9.619473056476474104e-01
8.688021435798861658e-01
9.768461673904309528e-01
9.646813667717336616e-01
9.168704053142344712e-01
8.538782327693630325e-01
8.285733716044310082e-01
7.331446273309365491e-01
6.189436716264973271e-01
4.967744556618174379e-01
9.415672820694300782e-01
8.958472474895895488e-01
8.270466356898632521e-01
7.320628469523647874e-01
8.441888064705846961e-01
7.546910127549845138e-01
6.459565435315748338e-01
5.229994456674462722e-01
9.437211645731609089e-01
8.971907910829657329e-01
8.211744408377187332e-01
7.097895783176870754e-01
8.260616465142653908e-01
6.588957434609978847e-01
4.550764179548595911e-01
2.634621835387910282e-01
9.000829882547867200e-01
8.109236986326856522e-01
6.863218911430887248e-01
5.210209173004020089e-01
8.815450792263711532e-01
8.278741528668399630e-01
7.731915274975824648e-01
6.946320394809482046e-01
9.095482312138885028e-01
7.808244423098791298e-01
6.076412241805094760e-01
4.413215275706457996e-01
8.454616154331501265e-01
7.323012024373699580e-01
5.901789182134501432e-01
4.462217717897655200e-01
8.817348624824389303e-01
7.848171517290668531e-01
6.109192025156248151e-01
4.837781136174101881e-01
8.194889970169286775e-01
6.857719005187116190e-01
4.623445805119229535e-01
3.385460997534183725e-01
8.650136377250757791e-01
8.124458565890758655e-01
6.063912591594736723e-01
3.472696264675733113e-01
7.699725895895728200e-01
6.358252420892253065e-01
4.800677539084330925e-01
4.133535975380762673e-01
9.671566752534310751e-01
9.296055776069385157e-01
8.875108027594336146e-01
8.528992752299736635e-01
9.183292917595761162e-01
9.562956639027407890e-01
9.765431973873450744e-01
9.876336597307627807e-01
9.944884138446880018e-01
9.700149768350403434e-01
9.550608551806420987e-01
8.543868491582291558e-01
9.795103718828599426e-01
9.643081225078380392e-01
9.196410316267563667e-01
8.420871924481421189e-01
7.165036976781864464e-01
5.863204802883105193e-01
4.565871591251001727e-01
3.391710034300392529e-01
8.962766496832974550e-01
8.214941288729838975e-01
7.150255439445891703e-01
5.857063189810439718e-01
7.435707408693227327e-01
6.174052487618656437e-01
4.835098101387876879e-01
3.628386634303131797e-01
9.477196146414668121e-01
9.063307668803530781e-01
8.374845860953071819e-01
7.356452083876092729e-01
7.120229259197462524e-01
4.981575485716409069e-01
3.063447094119691183e-01
1.720024544779666653e-01
8.255449827591964107e-01
6.990461246711024978e-01
5.339813153775294641e-01
3.687248326801995102e-01
8.258203983434112549e-01
7.791213895804597334e-01
7.349412549980692821e-01
6.777799971787141775e-01
9.580974703672610060e-01
9.078110321907912894e-01
8.292268303518092187e-01
7.290722752852751842e-01
9.047048563961941348e-01
8.658547829125677886e-01
8.039778309709891824e-01
7.005720473243197688e-01
9.212315117727561953e-01
8.672404733263069376e-01
7.525791373087570291e-01
6.564813689001711694e-01
8.297535348514727405e-01
7.587553046968409376e-01
6.912158219536024273e-01
6.102877318068774537e-01
9.576205053050050875e-01
7.842411392125195890e-01
6.787003661003269128e-01
5.518157952551295820e-01
7.208781917262601091e-01
5.652298328531445426e-01
4.201876211987615184e-01
3.112062234253856197e-01
9.802225672849459448e-01
9.579303584030007812e-01
9.311625942552658186e-01
9.019350134238452998e-01
9.135184450767370734e-01
9.547327509578169558e-01
9.767199653610347809e-01
9.865533016890531970e-01
9.939939326279675358e-01
9.723263677740989763e-01
9.565866368132507347e-01
8.688772374505434604e-01
9.786883155549394031e-01
9.709261282799798165e-01
9.194561443316902061e-01
8.822227678357411618e-01
8.492206794516421464e-01
7.618996800334494335e-01
6.573128442029078089e-01
5.378125746820625608e-01
9.490615196485013838e-01
9.077481672648003430e-01
8.475522651426643517e-01
7.625661570752456653e-01
8.635175468779092700e-01
7.809912245854265800e-01
6.829623426012897403e-01
5.657971700137077731e-01
9.545671445104627617e-01
9.159600968870297288e-01
8.484121336403241953e-01
7.457381752050629142e-01
8.461084260067698315e-01
6.946215080972566458e-01
4.993397141585559917e-01
3.015566481172186619e-01
9.133505471419683941e-01
8.416451570904908142e-01
7.221064189844836889e-01
5.688121657706152190e-01
9.026697168176589514e-01
8.454089146473368066e-01
7.809370555453050144e-01
6.647623115903340540e-01
9.359605218057587273e-01
8.303575185309676199e-01
6.588233218964624216e-01
4.623368187442845612e-01
9.015302246690918286e-01
8.143087738192672509e-01
6.613239748826678088e-01
4.640481680260330477e-01
9.150104965447030114e-01
8.327574316440723434e-01
6.746416274349112951e-01
5.308076317042347281e-01
8.664917284249965546e-01
7.697854741469081219e-01
5.454500913790074623e-01
3.351595102110707658e-01
9.534635071336049483e-01
8.544306899263166555e-01
6.068513239391001290e-01
4.005941215316350390e-01
8.077317174972998837e-01
7.126406071931336017e-01
5.124812308080168854e-01
5.929013466675936428e-01
9.636456755947325759e-01
9.302406087173441529e-01
8.990054071795475776e-01
8.589854759560385800e-01
9.218521051411855405e-01
9.581546194414313211e-01
9.757608876281067545e-01
9.869039355855695472e-01
9.941941354365593231e-01
9.663609759411178057e-01
9.589313606686290514e-01
8.330739486638822910e-01
9.829840552496809103e-01
9.648096240742384255e-01
9.318858441480265542e-01
8.403344065954980735e-01
8.299358818700641738e-01
7.629891751452566595e-01
7.020289321590444942e-01
6.464640098036855687e-01
9.315427403674892970e-01
8.852370847648742824e-01
8.260255221812219384e-01
7.606613215074026213e-01
8.438555016076758619e-01
7.782954846573665320e-01
7.168561324852207317e-01
6.574229911324750431e-01
9.780608612591142892e-01
9.646673162746020047e-01
9.443392636875310719e-01
9.135263366866930301e-01
8.266354526644408285e-01
7.209088168522823636e-01
6.285831483352221083e-01
5.337481650954851720e-01
8.974225404314724042e-01
8.296422006622762302e-01
7.315194919207697044e-01
6.453840402167053680e-01
9.440434002760910159e-01
9.310264609227970611e-01
9.088344001514739867e-01
8.744799446923943176e-01
8.690765870854475494e-01
7.205956840534453178e-01
5.801273986758983536e-01
4.504850138411010119e-01
9.811270477481077723e-01
9.590162928963744671e-01
8.834986300770961698e-01
7.155703485391634588e-01
9.690067367002610510e-01
9.308351831712103897e-01
8.442180443613755969e-01
7.353866213005317842e-01
9.778033154248090275e-01
9.594796699147819519e-01
9.408786554330990093e-01
8.849164739043325900e-01
9.920972445267226547e-01
9.430393001119501406e-01
9.266054848010385481e-01
9.074810484393772692e-01
9.518551637734461446e-01
8.848091363075124560e-01
9.001196576390336768e-01
7.979471950042266171e-01
9.793904467514294998e-01
9.672906675881760563e-01
9.503167736887890849e-01
9.323031320791446142e-01
9.156628218288360710e-01
9.576345848743350597e-01
9.785158878984938635e-01
9.890663096275875699e-01
9.821870383028475926e-01
9.509889170933920610e-01
9.363351519592713057e-01
8.553201459796254680e-01
9.700611849279497934e-01
9.414420273762230673e-01
9.322918674653442039e-01
8.132963207330372590e-01
